Reporter Identifier	VALUE
1	0.525705372
2	0.341703368
3	0.285535343
4	0.528768826
5	0.130203106
7	2.417780012
8	0.153286553
9	2.247803085
10	0.732787501
11	0.201012823
13	0.305799525
14	0.554902664
15	0.079038762
16	1.267688613
17	0.928863749
19	0.441698716
21	0.867447082
22	0.453622616
23	2.085887111
25	0.485771847
26	0.238425204
27	0.907021439
28	0.362971361
29	0.259435839
31	0.257453381
32	0.416759163
34	0.452704594
35	0.249812959
37	0.955323731
38	0.176445799
39	0.111800455
40	0.172650699
41	0.138920301
43	0.441403220
44	0.074235383
45	0.283375538
46	0.174568009
47	1.719509551
49	0.680370778
50	0.875592886
51	0.129907512
52	0.459227945
56	0.250417750
57	1.082540822
58	0.300815533
59	0.064622031
61	0.091079640
62	0.314230816
63	0.000000000
64	0.060994932
67	3.747114617
68	0.266165246
69	0.433016722
70	0.865223685
71	0.252841080
73	0.179699443
74	0.089850546
75	0.444167761
76	0.215270624
77	2.255934902
79	0.395222464
80	0.390558020
81	0.886766821
82	0.208489278
83	0.138890741
85	15.003177270
86	1.448024696
87	0.000000000
88	0.000000000
91	0.179897608
92	0.281686737
94	1.488461426
98	0.573266603
99	0.441849822
100	0.295482697
101	0.584432081
103	0.000000000
104	0.000000000
106	0.000000000
107	0.000000000
110	0.199742362
111	1.549723847
113	0.357899680
116	0.014794254
117	0.000000000
119	0.000000000
121	0.399780265
122	0.328479701
123	0.012725366
124	0.459491899
125	0.267468402
126	0.000000000
128	0.709678732
131	0.000000000
133	16.736779180
134	0.555898554
135	0.324832430
136	0.203673841
137	0.143542426
139	0.660580971
141	0.082692873
142	0.276564706
143	0.311942555
144	0.000000000
149	0.206858562
151	0.398334573
152	0.483121160
153	0.235214857
154	0.241107591
155	0.213876341
156	0.000000000
157	0.175984036
158	0.178583186
159	0.075763232
160	14.124062180
161	0.122470480
162	0.000000000
163	0.316348262
166	0.169177863
167	0.233837637
168	0.000000000
169	0.171239508
170	0.000000000
171	0.161189786
172	0.745647491
173	0.148118061
174	0.000000000
175	0.937095660
178	0.604098940
179	0.138008386
183	0.128394913
184	0.000000000
185	0.860236800
190	0.120465958
191	0.113265568
192	0.000000000
194	0.101003434
195	0.035894602
196	0.262465014
197	0.153565811
198	0.010118250
199	0.608197945
200	0.245273396
201	0.680184382
202	0.164602026
203	0.304349102
205	0.342358752
206	0.766746142
207	0.172894819
208	0.000000000
209	0.000000000
210	0.028434466
211	0.295280280
212	0.176921989
213	0.190375815
214	0.269174829
215	0.335124508
217	4.232821873
219	0.509916013
220	0.140240830
221	0.128923663
222	0.000000000
223	0.388922720
224	0.017057525
225	0.134729711
227	0.235930076
230	0.358698687
232	0.238381139
233	0.386544385
234	0.000000000
235	0.170382680
236	0.222937606
237	0.125965848
238	0.196004104
239	0.267864775
243	0.000000000
244	0.449876520
245	0.273055444
246	0.000000000
247	0.896130142
248	0.067618098
249	0.100170417
250	0.109675896
251	0.275314744
253	0.052801463
254	0.239491125
255	0.036108967
256	0.175340891
257	0.333353054
259	0.330740159
260	0.000000000
261	0.340021598
262	0.000000000
263	0.511496861
265	99.999999999
266	0.000000000
267	0.000000000
268	0.000000000
271	5.732656604
272	0.259811984
273	0.182653083
274	0.351878619
277	4.197437891
279	0.438215667
280	0.749626458
281	0.000000000
283	0.627992943
284	0.345494329
286	0.152716488
287	0.654112016
289	0.421908297
290	0.574302454
291	0.268192264
292	0.193959895
295	0.374456774
296	0.900641601
297	0.271481394
299	0.504336204
301	0.115351987
302	1.068393346
303	0.200160200
304	0.332157819
307	0.000000000
308	0.208560076
310	0.000000000
311	4.485660940
313	0.252502249
314	1.107825553
315	0.517094618
317	0.222096468
319	0.149461322
320	0.181418042
322	0.158339748
323	0.278767433
325	1.208124389
326	0.836955253
327	0.316383670
328	0.738729594
329	0.728101104
331	0.533971107
332	0.327347326
333	0.848463728
334	0.374893794
335	0.136898021
337	0.369138423
338	0.272801049
339	0.517594253
343	0.876517541
344	0.518804965
345	0.160702161
347	0.154016623
349	0.668703336
350	0.122619176
351	1.069901378
352	0.190029110
353	0.433475996
355	0.284617143
356	0.261366074
357	0.506029213
358	0.370555449
359	0.178991525
361	0.237417303
363	0.000000000
364	0.293846354
365	0.271536413
368	0.279553941
369	3.470175594
370	0.126800121
371	0.517921902
373	0.224363182
374	0.869739618
376	1.346514656
377	0.068887973
379	0.718586876
380	0.649059422
381	0.901491934
382	0.196010305
386	0.549506022
387	0.692263887
388	0.675319893
392	1.096688940
393	0.074541788
394	0.131296286
395	0.076081436
396	0.000000000
398	0.520913201
399	0.432958006
400	0.313274529
401	0.282467116
402	0.000000000
403	0.052085090
404	0.717420160
406	0.196866467
407	0.348038388
408	0.000000000
409	0.359835928
410	0.427241362
411	0.025400858
412	0.063801325
413	0.363241063
414	0.000000000
415	0.253192142
416	0.420611562
417	0.477325254
418	0.003518738
419	0.247171433
420	0.000000000
421	0.328462731
422	0.102863484
423	0.332519671
424	0.208314108
425	0.303785928
430	0.221573097
431	0.215507592
432	0.000000000
434	0.499249901
435	0.358584293
436	0.485371036
437	0.117019849
439	1.580143025
440	0.685385613
442	0.266128711
443	0.092387562
444	0.000000000
447	0.246826446
448	0.000000000
450	0.000000000
451	0.276336985
453	0.226065699
454	0.148377760
456	0.000000000
457	0.372101665
459	0.183911942
460	0.613237198
461	0.150136348
464	0.386342059
465	0.225443462
466	0.075132416
468	0.003787001
469	0.318962178
470	0.000000000
471	0.236878850
472	0.135622263
473	0.144202036
474	0.000000000
476	0.442832289
477	0.058470214
478	0.000000000
479	0.412114002
480	0.008530418
482	4.059066296
484	0.026051852
485	0.099656414
486	0.000000000
487	0.756273763
488	0.456673558
489	0.218470718
490	0.227971461
491	0.058337160
494	0.522453248
495	0.037694741
497	0.246321795
500	0.477968285
501	0.237512398
502	0.075387849
503	0.270796727
504	0.000000000
505	0.007604844
507	0.137617365
508	0.056250811
509	0.209388849
511	0.050347949
512	0.000000000
513	4.298747759
514	0.013547475
515	0.012412270
516	0.000000000
518	0.283047653
519	0.068866768
520	0.096697954
524	0.429359476
525	0.225741702
526	0.163631982
527	0.144539388
528	0.000000000
529	0.169749487
530	0.225898864
531	0.095085632
532	0.139475588
533	0.205058884
534	0.000000000
539	0.000000000
540	0.000000000
542	0.189625488
544	0.101809671
545	0.162459556
546	0.000000000
547	0.454131011
548	0.416989790
549	0.040686817
550	0.202449543
551	0.142993371
553	0.662876204
554	0.229378351
555	0.589987827
556	0.287981100
557	0.401878149
559	1.576626311
560	0.304664579
561	2.307340220
562	0.615369154
563	0.459396739
565	0.410502424
566	0.542167149
567	0.255155016
568	0.177936440
569	2.036990499
571	0.529268744
573	0.754600463
575	0.160651099
577	0.862628356
578	0.385659369
579	0.125502962
581	0.199972609
583	0.311777890
584	0.084889274
585	0.175501316
586	0.146698171
587	0.451103983
589	0.601272572
590	0.253275251
591	0.381302308
592	0.351167151
593	0.772756923
595	0.452343545
596	0.246810702
597	0.430292691
598	0.719740127
599	0.853077262
601	1.774772837
602	0.765517398
605	0.279524561
607	0.250850254
608	0.257313303
609	0.807410752
610	4.400674684
611	0.527500992
613	2.016121427
614	0.470597232
615	2.317199612
616	0.514361790
617	1.048549346
619	0.843075869
620	0.000000000
621	51.858342320
622	0.448332709
623	0.000000000
625	0.545515287
626	0.556305091
627	0.651435467
628	0.531150635
629	0.377217467
631	1.144435884
632	0.432837736
633	0.000000000
635	0.290741072
637	0.193880207
638	0.668034700
639	0.123476700
640	0.219591880
641	0.349123704
643	0.329490331
644	0.288098934
645	0.169352935
646	0.319988733
647	0.304768378
649	0.924932611
651	0.291263355
652	0.508093505
653	0.202527865
655	0.497418237
656	0.666900257
657	0.199190895
658	0.184655725
659	0.193729693
661	0.929025291
662	2.981171365
664	0.859964304
665	0.392135856
668	1.464288895
671	0.259321777
674	0.315781210
676	0.129500868
677	0.058319786
679	0.353560084
680	0.340572653
681	0.102088173
683	0.521751219
684	0.000000000
686	0.719137864
687	0.059934181
688	0.198562932
689	0.456462787
690	0.000000000
691	0.298912060
693	0.000000000
694	0.088531998
695	0.301542794
696	0.052950618
698	0.550903445
699	0.174521683
701	0.308223165
702	0.000000000
704	0.324573140
705	0.275133941
706	0.139633900
707	0.202877414
708	0.000000000
709	0.243330397
710	0.051967590
716	0.882093702
717	0.088894099
718	0.191639688
719	0.245367445
720	0.000000000
723	0.156424252
725	0.380842060
726	0.000000000
728	0.366415886
729	1.071269371
730	0.253534868
732	0.012119492
733	2.195144391
734	1.622667355
735	0.149203335
736	0.134436082
737	0.392892515
738	0.014165222
739	0.360656238
740	0.597421470
741	0.107163268
742	0.156500195
743	0.308059105
744	0.000000000
746	0.744226274
747	0.299151438
748	0.176407206
749	0.604558577
750	0.000000000
751	0.259450643
752	0.652043914
753	0.093571032
755	0.435338000
757	0.419822508
758	0.513390259
759	0.241924567
760	0.136322105
761	0.000000000
763	0.240993707
764	0.223704050
765	0.112601617
766	0.124114671
767	0.759903072
770	0.598704816
771	0.594578068
772	0.151321866
773	0.208019301
774	0.000000000
775	0.179143885
777	0.139214188
778	0.158465966
779	0.197165354
781	0.561620915
782	0.462664323
783	0.046080064
784	0.000812358
785	0.626866080
786	0.000000000
787	0.816841141
789	0.174966958
790	0.089164850
791	0.273431483
793	0.236489819
794	0.140960269
795	0.143825660
797	0.186061424
799	0.324990278
800	0.742027199
802	0.000000000
803	0.350624625
804	0.000000000
805	0.204715571
806	0.301234747
807	0.101966442
808	0.309543241
809	0.000000000
810	0.004442925
811	34.178517460
812	0.028760585
813	0.000000000
814	0.001349141
815	0.000000000
816	0.000000000
818	0.595734529
819	0.082253766
820	0.120771877
821	0.524909385
823	0.659885511
824	0.549645351
825	0.060853887
826	0.152147099
827	0.142986590
829	0.525790972
830	0.000000000
832	0.080868213
833	0.000000000
835	0.309425389
836	0.344498789
837	0.159460148
838	1.021833132
841	2.042065249
842	0.491290195
843	0.215534479
844	0.262060485
845	0.495658093
847	0.441947617
848	1.485350909
849	0.480207262
850	0.553757176
851	0.150334545
853	0.855957104
854	0.464304967
856	0.290926308
857	0.466169577
859	0.413195121
860	0.330910242
862	0.260824549
863	0.318023828
866	0.414147838
867	1.465504457
868	0.408587913
869	0.412754914
872	1.235015240
873	0.049081450
874	22.752179690
875	0.011425382
877	0.255823618
878	0.498196437
879	0.148810953
880	0.569630850
881	0.527952821
883	0.111542596
884	25.147833660
885	0.245205085
886	18.355448230
887	0.150310949
889	0.000000000
890	0.247737557
891	0.121020558
892	5.275389510
893	12.266711780
896	2.016331773
897	0.000000000
899	0.214493982
901	0.384755494
902	0.972300002
903	0.883343665
905	0.168598446
909	1.482798447
910	31.582784240
911	0.268659875
913	0.945789325
914	0.338014760
915	0.126394669
916	0.517694352
917	0.351859622
919	0.475129864
920	0.023502902
921	0.222125593
922	7.963442751
923	0.000000000
925	0.225409473
926	0.405878701
927	0.194688165
928	0.137219860
931	0.553372400
932	0.244543553
933	0.217587619
934	0.318872090
937	0.303780673
938	0.706211429
939	1.705738638
940	2.649931291
941	0.313799937
943	0.255737241
945	0.316870227
946	0.285597034
949	0.589290886
950	0.235662072
951	0.323241623
955	0.337622007
956	0.127448062
957	2.686366992
959	1.019637312
961	0.674134663
962	0.105097627
963	0.123044989
964	2.694327329
965	0.381579025
968	0.878006021
969	0.265114219
970	3.579962362
971	0.000000000
973	0.825988694
974	0.729065937
975	0.127264578
976	0.111783804
977	0.367151285
981	0.000000000
982	0.190489525
983	0.536349043
985	2.863908833
986	0.323500249
987	0.290043703
989	0.321795184
992	0.263042815
993	0.232449040
995	1.226380774
996	0.000000000
997	0.085909811
998	0.260058879
999	0.175117878
1000	0.256068561
1004	0.394381342
1005	0.314988130
1006	0.103777337
1007	0.305518048
1009	1.144219713
1010	0.962023730
1011	0.091029003
1012	4.051942867
1016	0.000000000
1017	0.108591384
1018	0.038443967
1019	0.123705812
1023	0.167498995
1024	0.076428194
1025	0.263873607
1028	0.230125646
1029	0.000000000
1030	0.096708306
1031	0.382367854
1033	0.000000000
1034	0.000000000
1035	0.178561365
1036	0.322876475
1037	0.642899310
1040	0.562868825
1041	0.149222037
1042	0.131320709
1043	0.000000000
1045	0.356242387
1046	0.216883217
1047	0.187232531
1048	0.115091031
1049	0.131313921
1050	0.000000000
1051	0.780082126
1052	0.262878095
1053	0.000000000
1055	0.235876693
1058	0.352527733
1059	0.236647954
1060	0.016247123
1061	0.614063785
1064	0.165308060
1065	0.209808345
1066	0.090777727
1069	0.432695585
1070	0.162616647
1071	0.053690918
1072	0.096689617
1073	0.302297009
1075	0.378667013
1076	0.084908765
1077	0.125629715
1078	0.083334955
1079	0.202570939
1081	0.947821369
1082	0.070800025
1084	0.061716524
1085	0.124105799
1086	0.000000000
1087	0.121872240
1088	0.119550455
1089	0.000223506
1090	0.071492824
1091	0.156762401
1093	0.371740003
1094	0.603569861
1095	0.215027209
1096	0.003404130
1097	0.026821938
1100	0.731563861
1102	1.622337398
1103	0.198367041
1105	0.570894362
1106	0.407856798
1107	0.036755485
1108	0.115905798
1109	0.279387041
1110	0.000000000
1111	5.226574317
1112	0.300544897
1113	0.000000000
1114	0.116206109
1115	0.951836794
1117	1.510756234
1118	0.209162366
1120	0.145255681
1121	0.000000000
1123	0.595649350
1124	0.202518942
1125	0.106532473
1126	1.224468336
1127	0.411707191
1129	0.433864275
1130	0.250174816
1131	0.513772052
1132	2.773893565
1133	5.505021757
1135	2.912182154
1136	0.668875804
1137	0.455079938
1138	1.590600811
1139	1.177817500
1141	0.385461619
1142	1.413978713
1143	0.193298245
1144	3.429828001
1145	0.611115618
1147	0.199968262
1148	0.361473900
1149	0.219077952
1150	1.453380233
1151	0.557635543
1153	0.420118638
1154	0.635059134
1155	0.166778356
1156	0.506348555
1157	0.085682336
1159	20.722316150
1160	0.229256017
1161	0.037100795
1165	0.310819855
1166	0.288661422
1167	0.365409484
1168	0.195248581
1169	0.142169794
1171	0.342231316
1172	1.299367322
1173	0.089500759
1175	0.725129972
1177	0.233095630
1178	0.284501474
1179	0.336532390
1180	0.338786422
1181	0.355639660
1185	0.117802894
1186	0.021938200
1187	0.062344018
1189	0.563459628
1190	0.357729147
1191	0.561832911
1192	0.294118385
1195	0.338275042
1196	0.653066654
1197	0.220698272
1198	0.076804478
1199	0.304149842
1201	0.147873414
1203	0.142094691
1204	0.362275701
1207	2.100462678
1208	1.728275242
1209	2.374250357
1211	0.188419835
1213	0.057105223
1214	0.811118127
1215	0.036960952
1217	0.337848700
1219	0.548316191
1221	0.395650882
1222	0.247191197
1223	0.080993142
1226	0.648930461
1227	1.075930900
1228	0.074681465
1229	0.161652084
1231	0.528320523
1232	0.329884872
1233	0.147630239
1235	0.000000000
1237	0.191659286
1238	0.407948258
1240	0.201791120
1241	0.000000000
1243	0.455768844
1244	0.465127922
1245	0.159788924
1246	3.056235723
1247	0.000000000
1250	0.339336873
1251	7.888052400
1252	0.191320432
1255	0.161776583
1256	0.000000000
1257	0.194418151
1258	0.246274694
1259	0.187548643
1260	0.000000000
1261	0.276847193
1262	1.822130504
1263	0.194076285
1264	0.233732519
1266	0.000000000
1267	0.416560103
1268	0.275542325
1270	0.586869333
1271	0.818169249
1273	0.941982672
1274	0.000000000
1275	0.163623371
1276	0.084293022
1277	0.536915341
1278	0.000000000
1280	0.563151320
1281	0.400634387
1282	0.297251775
1283	0.803626134
1284	0.000000000
1285	0.297311936
1286	0.146733594
1287	0.238420822
1288	0.330420089
1291	1.010103923
1292	0.157993291
1293	0.666176946
1294	0.293914270
1295	0.039282859
1296	0.142429687
1298	0.301997446
1300	0.161411994
1301	0.087845061
1302	0.030224156
1305	0.092212585
1306	0.041047719
1307	0.160342252
1308	0.000000000
1310	0.365924958
1313	0.203261479
1314	0.008779987
1316	0.195991436
1317	0.071213934
1318	0.401258465
1319	0.335899949
1320	0.009311101
1322	0.466323483
1323	1.136541254
1325	0.292863643
1328	0.546529722
1329	0.186801180
1331	0.158249977
1332	0.000000000
1333	0.080032545
1334	0.247376942
1335	0.146685815
1336	0.108102925
1337	0.170745064
1341	0.193784794
1342	0.465905635
1343	0.372487813
1345	0.160697196
1346	0.004158663
1347	0.264260522
1348	0.002375582
1349	0.080061357
1350	0.000000000
1351	0.381633999
1352	0.246561357
1354	0.243256077
1357	0.190326066
1358	0.661016381
1361	0.008034121
1362	0.003773636
1363	0.465248033
1365	0.088464208
1366	0.105696615
1367	0.024054095
1370	0.183159467
1372	0.088334044
1373	0.174164904
1377	0.367126367
1380	0.000000000
1382	0.320742029
1383	0.020005874
1385	0.106124894
1386	0.000000000
1389	0.085078495
1390	0.021063370
1393	0.123061980
1394	0.466768579
1395	0.083582265
1396	0.097768553
1397	6.431871171
1400	0.440050722
1401	0.213540070
1402	0.208164949
1403	0.500240275
1404	0.000000000
1405	0.433149893
1406	0.841249912
1407	0.060022768
1408	0.143283421
1409	0.000000000
1411	0.282969199
1412	3.703477596
1413	0.141451771
1415	0.301635264
1417	0.719808391
1418	0.871635839
1419	12.518216450
1420	0.213393816
1421	0.252518036
1423	0.123096747
1424	0.135761916
1425	0.303440682
1426	0.196799219
1427	0.968232680
1429	0.533651289
1430	0.025743764
1431	9.551852122
1432	0.609502433
1435	0.278439182
1436	0.078485869
1438	0.234248517
1439	1.158684282
1441	0.655744950
1442	0.323929759
1443	0.289443064
1444	0.398744864
1448	0.269668509
1449	0.230946195
1450	0.444220198
1453	0.164821841
1454	0.620876694
1455	0.290049411
1456	0.410705250
1457	0.136739472
1459	0.096221759
1460	0.187376511
1461	0.539684934
1462	0.282878955
1463	0.200823437
1465	2.030417307
1466	0.887452988
1467	0.282772838
1468	0.664923396
1469	0.603631205
1471	0.196059751
1472	0.804877033
1473	0.303518458
1474	0.128562361
1477	0.072275103
1478	0.222572092
1479	0.871174185
1480	0.195978606
1481	0.301744933
1483	0.196619518
1484	0.311281764
1485	0.110767453
1486	0.395500655
1487	0.084143983
1489	0.405549572
1490	0.772306618
1491	0.398971473
1492	0.659858565
1493	0.360261352
1495	0.000000000
1496	0.373957355
1497	0.192666728
1498	12.465838670
1499	0.000000000
1501	0.284819112
1502	0.542362659
1503	0.282813421
1504	0.198669809
1505	0.009802492
1507	0.280921794
1508	0.341559554
1509	0.421931504
1510	0.393689985
1511	0.294790494
1513	0.102576024
1514	0.287493241
1515	1.179554575
1516	0.426698950
1517	0.000000000
1519	0.787715236
1520	0.827420249
1521	1.120285564
1522	0.306781957
1526	1.044365446
1528	0.268604547
1529	0.000000000
1531	0.151357220
1532	0.632870388
1533	0.448856787
1535	0.007696413
1537	0.318439124
1538	0.604617147
1539	3.959623501
1540	0.183073419
1541	0.000000000
1543	0.242014128
1544	0.751708634
1545	0.186326498
1546	0.364501594
1548	0.000000000
1549	0.273524310
1550	0.602787850
1551	0.223245497
1552	0.196727836
1553	0.184540188
1554	0.000000000
1556	0.983814162
1557	0.064652053
1558	0.182241536
1559	0.000000000
1560	0.000785064
1561	0.274513109
1562	0.464672819
1563	0.432199611
1565	2.086970291
1566	0.000000000
1568	0.803784918
1569	0.309430859
1570	0.123632415
1571	1.248519208
1572	0.000000000
1573	0.642646608
1574	0.294917510
1575	0.157403048
1577	0.055872390
1579	0.418755837
1580	0.000000000
1581	0.547579003
1582	0.141798927
1583	0.191918071
1584	0.000000000
1585	0.720104662
1587	0.016164799
1588	0.293908807
1589	0.543451648
1590	0.000000000
1591	0.000000000
1592	0.372273421
1593	10.021702550
1595	0.576122114
1597	0.609002243
1600	0.000000000
1601	0.000000000
1602	0.000000000
1603	0.747879244
1604	0.720758067
1606	0.060055131
1608	0.000000000
1611	0.167672253
1612	0.362480430
1613	0.372606299
1614	0.000000000
1615	0.367572607
1617	0.078325132
1618	0.171836625
1619	0.062532250
1620	0.000000000
1621	0.290224082
1622	0.435080729
1623	0.114361942
1624	0.000000000
1625	0.178988832
1627	0.000000000
1628	0.000000000
1629	0.216115270
1631	0.270315653
1632	0.000000000
1633	0.302512562
1634	0.310064252
1636	0.205149936
1638	0.005232990
1639	0.168390607
1640	0.183224403
1641	0.264940238
1642	0.364464720
1643	0.188101914
1645	0.025471821
1646	0.990060959
1648	0.045149166
1649	2.890637382
1652	0.256568395
1653	3.092440748
1655	0.000000000
1656	0.000000000
1657	2.677039306
1659	0.139799876
1660	0.134204138
1661	0.048483845
1663	0.225906272
1664	0.274905532
1665	0.108379200
1666	0.117504915
1667	0.206666832
1668	0.008239247
1670	0.000000000
1672	0.246797425
1673	0.209286027
1674	0.000000000
1676	0.000000000
1677	0.092351007
1678	0.242800639
1679	0.101138898
1680	0.000000000
1681	0.130763819
1682	0.770498549
1683	0.076620273
1685	0.239455621
1686	0.000000000
1687	0.000000000
1688	0.966779353
1689	0.296868531
1690	0.182181601
1691	1.610854147
1692	0.000000000
1693	0.522687563
1694	1.084963472
1695	0.131881070
1696	0.166865038
1697	0.000000000
1698	0.000000000
1699	0.236793929
1700	0.212538147
1701	0.319990666
1702	0.364741661
1703	0.416825779
1705	0.330249954
1706	0.505506316
1707	0.332741931
1711	0.284464463
1712	0.033882113
1713	0.596564481
1714	0.270993721
1715	0.327365604
1717	0.138909636
1718	0.463543313
1719	0.275511909
1720	0.192099337
1721	0.268829260
1723	0.255288628
1724	1.002834746
1725	0.499198150
1726	0.182401703
1727	0.277382091
1729	0.561606233
1731	0.261206420
1732	0.378783595
1733	0.303498199
1735	0.624730324
1736	0.792191536
1737	0.244117352
1738	0.696368385
1739	1.090788413
1741	0.280051368
1742	0.513117683
1743	0.884775975
1744	0.097318117
1747	0.093960508
1748	0.269796017
1750	0.218523863
1751	0.019669570
1753	0.266168482
1755	0.246448387
1756	0.511481185
1757	2.052188336
1759	0.218018280
1760	0.761090565
1761	0.357789340
1765	0.134262326
1766	0.274742455
1767	0.373351620
1768	0.201418323
1769	6.900929709
1772	0.309455465
1773	0.190998555
1774	0.158820747
1775	0.966914532
1777	0.581306014
1778	0.309793379
1779	0.181115043
1781	1.884600368
1783	0.156447792
1784	0.827788082
1785	0.013111138
1786	1.413172679
1787	1.578977781
1789	0.514904818
1790	0.391989252
1791	0.397468937
1792	0.820499649
1795	0.434943505
1796	0.295883857
1797	0.079970869
1798	1.320200018
1801	0.000000000
1802	0.106401072
1803	42.090022400
1804	0.179140063
1807	0.370125042
1808	0.407397966
1809	0.533532644
1810	0.279170361
1811	0.018076718
1814	0.168505491
1815	0.276891890
1816	0.971432135
1817	0.000000000
1819	0.555963236
1820	0.277678804
1821	0.116080886
1822	0.462868489
1823	0.000000000
1825	0.124617215
1826	9.464993777
1827	0.251304809
1828	0.347495321
1832	0.590138522
1834	0.475489614
1836	0.000000000
1837	0.132303941
1838	1.140967863
1839	0.164878265
1840	0.016129655
1841	0.125461372
1842	0.000000000
1844	0.013601551
1845	0.001330486
1846	0.107706307
1847	0.084668334
1848	0.000000000
1849	0.210064648
1850	0.150523540
1852	0.174643613
1853	0.165075770
1854	0.030211825
1855	0.000000000
1856	0.075293675
1857	9.431379783
1859	0.061733096
1861	0.424412523
1862	0.449296105
1863	0.000000000
1865	0.187836376
1868	0.700792716
1869	0.088919350
1870	0.199387102
1871	0.290757742
1872	0.000000000
1874	0.000000000
1875	0.253760226
1876	0.240345423
1877	0.175839285
1878	0.000000000
1880	0.255744384
1881	0.147231726
1882	0.470124634
1883	0.261350117
1886	0.161160455
1887	0.124389611
1888	0.000000000
1889	0.240554543
1890	0.000000000
1891	0.173359242
1892	0.262384431
1893	0.195302565
1894	0.107017288
1895	0.445182167
1898	0.000000000
1899	0.265185463
1900	0.000000000
1901	0.852354205
1902	0.000000000
1903	0.139082347
1904	1.844844368
1906	0.888940510
1907	0.000000000
1909	0.043213844
1910	0.337166918
1911	0.191990410
1912	0.273917082
1913	0.150558213
1914	0.000000000
1915	0.254803439
1917	0.303588780
1918	0.193254010
1919	0.000000000
1921	0.099571863
1922	0.139272098
1923	0.082893704
1924	0.206436395
1925	0.123914466
1926	0.007522808
1927	0.647334767
1928	0.435686856
1929	0.108233447
1930	0.287998346
1933	0.234137034
1934	0.291693810
1935	0.257787947
1936	0.199395880
1937	0.142222893
1939	0.147576917
1940	0.501368128
1941	0.107020820
1942	0.091353377
1945	0.218034326
1946	0.440007079
1947	0.209743429
1948	0.000000000
1949	0.025886998
1953	0.226236463
1955	0.000000000
1957	0.073723081
1958	0.422645353
1959	0.174890144
1961	0.000000000
1963	0.449868922
1965	0.049784408
1966	0.201662148
1967	0.382879996
1968	0.000000000
1969	0.146978492
1970	0.246711663
1971	0.067369260
1972	0.229986691
1973	0.000000000
1975	0.792057497
1977	0.025707824
1978	0.230943436
1979	1.272954629
1980	0.000000000
1981	0.293661609
1982	0.459783429
1983	0.174800753
1985	0.000000000
1987	0.181843286
1988	0.257098328
1989	0.257136619
1993	0.135412878
1994	0.403304204
1995	0.945887253
1996	0.169194789
1999	0.338724532
2001	0.194052798
2002	0.392014233
2005	5.753945874
2006	0.192934897
2007	0.049604257
2008	0.390740972
2012	0.388109009
2014	0.502345992
2015	0.354996210
2017	0.286321000
2018	0.214464281
2019	0.198248949
2020	0.393532631
2021	0.080849250
2023	1.307541295
2024	0.193410044
2025	0.283842426
2026	0.757244868
2030	2.059584425
2031	0.075870694
2032	0.184140045
2035	0.177286211
2036	0.491446032
2037	0.450600581
2041	0.318676421
2042	0.298513168
2043	0.537780829
2044	0.329891328
2047	0.238316550
2048	0.146041274
2049	0.218216656
2050	0.280524631
2053	0.020256862
2054	0.282995301
2055	0.062137020
2056	0.224885764
2059	0.468326273
2061	0.653494061
2062	0.456934167
2065	1.335149359
2066	0.888325735
2067	0.247046029
2068	0.509377134
2071	0.441500356
2072	0.334823252
2073	0.305141615
2074	0.334985481
2077	0.504120185
2078	0.341120368
2079	0.288718741
2080	0.372135089
2083	0.333564151
2085	0.824050937
2086	0.106266365
2090	0.628230841
2091	0.430163037
2095	0.258950875
2096	0.378320865
2097	4.206765139
2098	0.289844797
2101	0.106664282
2102	0.566190251
2107	0.264703199
2109	0.433214679
2113	0.709045207
2114	0.418008339
2115	1.648400930
2116	0.117916906
2119	2.049037157
2121	0.000000000
2122	0.000000000
2123	0.000000000
2125	75.330234720
2127	0.000000000
2128	0.000000000
2129	0.000000000
2131	0.000000000
2133	0.000000000
2134	0.226673119
2135	0.000000000
2137	0.287277408
2139	0.056572610
2140	0.174361122
2141	0.000000000
2143	0.270140522
2144	0.673306051
2145	0.108930184
2146	0.003070014
2147	0.000000000
2149	0.206169037
2150	0.297991964
2151	1.091844942
2152	1.357339598
2155	0.232111537
2156	0.197395636
2157	0.171111360
2159	0.079254552
2161	2.205287090
2163	0.002235409
2164	0.214295110
2165	0.000000000
2167	1.082770802
2169	0.366721070
2170	0.405179555
2171	0.000000000
2173	0.156325815
2174	0.388506629
2175	0.136388145
2176	0.117751817
2177	0.000000000
2179	0.577789177
2180	0.580133188
2181	0.000000000
2183	0.029521091
2186	0.295780175
2187	0.568156975
2188	0.163727997
2191	0.247966641
2192	0.644234490
2194	0.287389128
2195	0.000000000
2198	0.603090099
2200	0.463588531
2201	0.004460436
2203	0.393482345
2204	0.080606801
2205	0.160248390
2206	0.125263956
2207	0.000000000
2210	0.153596647
2211	0.000000000
2212	0.167450979
2213	0.000000000
2215	0.464152403
2216	0.073511384
2218	0.471009979
2221	0.425438251
2223	0.005281515
2227	0.084622757
2228	0.180685789
2229	0.600730279
2230	0.136001156
2231	0.014688037
2233	0.190311004
2235	0.347702057
2236	0.480106469
2237	0.000000000
2239	0.161936313
2242	0.096288406
2243	0.000000000
2245	0.286800171
2246	1.811423820
2247	0.005272279
2248	0.657113308
2249	0.004812747
2251	0.262420866
2252	0.586674105
2253	0.063905126
2254	1.477631821
2255	0.013247799
2257	0.199693755
2259	0.065619507
2261	0.000000000
2266	0.000000000
2267	0.000000000
2269	0.834135500
2270	0.286775192
2271	0.154984140
2273	0.037661042
2276	0.000000000
2277	0.000000000
2278	0.000000000
2281	0.869850366
2282	0.165208478
2283	0.370297811
2284	1.032512888
2287	0.170939634
2288	0.250923531
2289	0.084138800
2290	0.433810738
2293	0.080727867
2294	0.212032066
2295	0.053015109
2296	0.597597041
2299	0.150782998
2300	0.043368729
2301	1.071202650
2302	1.758165792
2305	0.368093936
2306	0.411626061
2307	0.622517574
2308	0.268380498
2309	0.224074345
2310	0.309114971
2311	0.604749508
2312	0.213144789
2313	0.456345071
2314	0.247588136
2316	0.838324613
2317	0.992790927
2318	0.294751598
2319	0.924628726
2320	0.735257080
2321	0.182884648
2323	0.235459648
2324	0.213496681
2325	3.551436846
2326	0.000000000
2327	0.073194045
2328	0.510710367
2329	0.366259498
2330	0.224419958
2331	0.121693709
2332	0.254688321
2333	0.510221916
2334	0.192603018
2335	0.417225926
2336	0.201370169
2337	0.286592279
2339	0.232721652
2340	0.614399633
2341	1.356486970
2342	0.197593402
2343	0.371991284
2344	0.560302540
2345	0.103553257
2348	0.536967528
2349	0.358104855
2350	0.451377882
2353	1.076141182
2354	0.274643582
2355	0.309947756
2356	0.662095526
2357	0.151895198
2359	0.255278856
2360	2.411870518
2361	0.237044867
2362	0.448001152
2365	0.303121337
2366	0.418788523
2367	0.149126800
2368	0.543187994
2371	4.950513648
2372	0.427812123
2373	0.236183163
2374	0.200766925
2375	0.227158217
2376	0.888906446
2377	0.109502742
2378	1.147100521
2379	0.000000000
2383	5.880218962
2384	0.708686978
2385	0.277495244
2386	0.766878990
2387	0.093950737
2389	0.575818604
2390	0.703478416
2391	0.248856574
2392	3.274327898
2395	1.300284179
2396	0.000000000
2397	0.620062088
2398	20.605422920
2399	0.000000000
2401	11.089365770
2402	0.605581108
2403	1.405736113
2404	0.568955071
2405	0.000000000
2407	0.209197343
2408	0.297704002
2409	0.662731959
2410	1.432851923
2412	0.068693004
2413	0.384753658
2414	0.133774556
2415	0.964463927
2416	0.241974456
2417	0.253105526
2418	0.023796370
2419	3.113392948
2420	0.277242066
2421	0.211417359
2422	0.329724851
2423	0.358354393
2424	0.223885551
2425	0.385923705
2426	0.219431986
2427	0.573519518
2428	0.170496417
2429	0.853830961
2430	0.115787737
2431	0.000000000
2433	0.242210348
2434	0.000000000
2435	5.521044199
2437	0.020682827
2438	0.262470109
2439	0.530685164
2441	0.413181534
2443	0.447401625
2445	0.604929982
2446	0.159093756
2447	0.196453928
2448	0.318155865
2449	0.330507459
2451	0.038190305
2452	0.192266467
2453	0.680824800
2455	0.449818059
2456	0.135612506
2457	0.257190423
2458	0.382782951
2460	0.137646136
2461	0.269936228
2462	0.000000000
2463	0.385142249
2464	0.786747857
2466	0.350729688
2467	0.152196977
2468	0.071979591
2469	0.315486631
2470	0.062199288
2471	0.057296388
2472	0.361877159
2473	0.318138575
2474	0.479295276
2476	0.251930437
2477	0.232252879
2478	0.132468883
2480	0.067477471
2481	0.113364516
2482	0.292392637
2483	1.332127657
2484	0.095454994
2485	0.454626522
2486	0.259311683
2487	0.212857675
2488	0.443973459
2489	0.309481592
2490	0.599880238
2491	0.454396514
2492	0.000000000
2493	0.869896402
2494	1.313458743
2496	0.130145852
2497	0.195565709
2499	0.080663933
2500	0.001825088
2501	0.100420438
2502	0.057408229
2503	0.159292352
2504	0.204532210
2505	0.222770423
2506	0.358643443
2507	0.153844867
2509	0.000000000
2510	0.144074556
2511	0.358821861
2512	0.003466158
2513	0.481063647
2514	0.000000000
2515	0.476181148
2516	8.882077867
2518	0.000000000
2519	0.270793407
2520	0.000000000
2521	0.618613046
2522	0.104554377
2523	0.316748046
2524	0.200408500
2525	0.195085038
2526	0.323671769
2527	0.100831657
2529	0.154002062
2530	0.053824396
2531	0.167080281
2532	0.000000000
2534	0.134688130
2535	0.282136318
2538	0.233627431
2539	0.163102264
2540	0.196782808
2541	0.259424845
2542	0.296696537
2545	0.000000000
2547	0.000000000
2548	0.363224634
2549	0.113807250
2550	0.000000000
2552	0.153747243
2554	0.398899732
2555	0.064659978
2556	0.000000000
2557	0.510541247
2559	0.298516340
2560	0.172961754
2561	0.187344730
2562	0.011664391
2563	1.256251056
2564	0.040325369
2565	0.040551612
2566	0.427257836
2567	1.107476558
2569	0.178607009
2570	1.795663605
2571	0.358902937
2572	0.467692807
2573	0.034162378
2575	0.833312596
2576	0.100147801
2577	5.070582177
2578	0.444958862
2579	0.448773661
2580	0.161963986
2581	0.740964277
2582	0.158499504
2583	0.280214737
2584	0.419479205
2586	0.406701747
2587	0.228412200
2588	0.257287210
2589	0.101986188
2590	0.396441302
2592	0.442337953
2593	0.462132974
2594	0.402581795
2595	0.301620410
2596	0.346654617
2597	0.487874462
2600	0.405326271
2601	0.187096337
2602	0.371352008
2603	0.352439266
2605	3.747341315
2606	0.035997354
2607	0.224426393
2609	0.264332162
2611	0.792241828
2612	0.151476903
2613	1.197302152
2614	0.393419955
2617	0.661218661
2618	0.595141732
2619	0.258161331
2620	0.000000000
2621	0.535368792
2623	0.658950639
2624	0.136376068
2625	0.741151660
2627	0.104572348
2629	0.146902694
2630	0.146054386
2631	0.293530677
2632	0.120128340
2633	0.128271697
2635	0.145575766
2636	0.155732009
2637	3.971692659
2639	0.282157557
2641	0.746292636
2642	0.252285923
2644	0.216077269
2645	0.358962118
2647	0.305032059
2648	0.411624427
2649	0.475277314
2650	0.661638342
2651	0.417546125
2653	24.404720670
2654	0.000000000
2655	0.601145502
2656	0.285467284
2657	0.000000000
2659	0.839773253
2660	0.347860476
2661	0.200078895
2662	0.610048620
2663	0.104553078
2665	60.237480810
2666	0.000000000
2667	0.000000000
2668	0.777805994
2669	0.000000000
2671	0.401978292
2672	0.557835000
2673	0.718151085
2674	0.133336301
2677	74.039438830
2678	0.000000000
2679	0.000000000
2680	0.000000000
2681	0.000000000
2683	0.795992576
2684	0.498203646
2685	0.973358184
2686	0.186843907
2687	0.363997986
2689	66.484224670
2690	0.000000000
2691	0.000000000
2692	0.000000000
2693	0.000000000
2696	0.202872994
2697	0.804912209
2698	0.337533219
2699	0.333996759
2701	0.169147233
2702	0.212762542
2703	0.119294170
2704	0.241550475
2705	0.321490220
2706	0.148414488
2708	0.612167203
2709	63.828946670
2711	0.214011856
2712	0.000000000
2713	0.393729044
2715	0.140683586
2716	0.341389378
2717	0.860198620
2718	0.109513574
2719	0.162111994
2720	0.061847516
2721	9.258986681
2723	0.098868694
2724	0.013031643
2725	0.277133059
2726	0.307132869
2727	0.405976935
2728	0.461127581
2729	0.248997243
2731	0.421643442
2732	0.199691865
2734	0.197428104
2735	0.325789094
2736	0.064476297
2738	0.203065694
2739	0.163062454
2740	0.245100589
2742	0.243587913
2743	0.254571344
2744	0.144985238
2745	0.056930733
2746	0.260235349
2747	0.222758754
2748	0.008981894
2750	0.481252200
2751	0.105363931
2755	0.301046598
2756	0.269659930
2757	0.218905160
2758	2.791943337
2759	0.058169398
2760	0.203382560
2763	0.157436335
2764	0.172164259
2765	2.178184971
2767	0.290714754
2768	0.603849983
2769	0.283346699
2770	0.449360262
2771	0.139472006
2772	0.511820769
2773	0.664043348
2774	0.248406625
2775	0.000000000
2776	0.343801828
2777	0.661245872
2779	0.181211779
2780	0.250114492
2781	0.291570541
2782	0.076020521
2786	0.233844219
2787	0.410277118
2789	0.350798033
2790	0.000000000
2791	0.789900258
2792	0.343003531
2793	0.663554325
2795	0.703878780
2797	0.266298794
2798	0.212911622
2799	0.461259499
2800	0.144886379
2801	0.135850016
2802	0.286516909
2803	0.294948915
2804	0.200987085
2807	0.329029992
2808	1.058271919
2809	0.666998031
2810	0.433194489
2811	0.115579275
2812	0.270022622
2813	0.000000000
2814	0.186012777
2816	0.192836099
2817	0.460269812
2818	0.184047653
2819	0.169787242
2820	0.178270218
2821	0.202549558
2822	0.184704883
2823	0.398395712
2824	0.101741016
2825	0.158704197
2826	0.000000000
2827	0.045993228
2828	0.233716253
2829	0.557313002
2830	0.114789060
2831	0.183231500
2832	0.000000000
2835	0.304860437
2836	0.127373928
2837	0.186062623
2838	0.007252241
2840	0.336604122
2842	0.439989508
2843	0.114159007
2848	0.125191396
2850	0.037309504
2851	2.044485597
2852	0.751498686
2853	0.062415489
2854	0.195630116
2855	0.150824458
2857	1.690071258
2859	0.050618508
2860	0.203416160
2861	0.227163268
2863	0.593319341
2864	1.770586335
2865	0.534530818
2866	0.294904041
2867	0.303951455
2869	74.776134900
2870	0.000000000
2871	0.000000000
2872	0.000000000
2873	0.000000000
2875	0.652618558
2877	0.664954017
2878	0.865809770
2879	0.349404943
2881	9.290507524
2882	0.080000658
2883	0.000000000
2884	0.000000000
2885	0.000000000
2887	0.084845761
2888	0.198806896
2889	0.318388679
2890	0.435625576
2891	2.778550865
2894	0.251058644
2895	0.172945813
2896	0.152122676
2897	0.248762400
2899	0.380262164
2900	1.178379912
2901	0.478710988
2902	0.167524719
2903	0.141489974
2905	0.750745204
2906	0.393615676
2908	0.085310023
2909	0.000000000
2911	0.184483113
2912	0.289721771
2913	0.207476790
2914	0.678973214
2915	0.059569061
2917	0.000000000
2918	0.775719135
2919	0.186368363
2920	0.757813541
2921	0.212956047
2923	0.975528496
2924	0.472551555
2925	0.789971302
2926	0.355830913
2927	0.143944024
2929	0.058845458
2930	0.230544330
2931	0.225795213
2933	0.321263428
2935	1.000604829
2936	0.226093306
2937	0.620703332
2938	0.375152421
2939	0.249476438
2941	0.294476442
2943	0.208608911
2944	0.300124989
2947	0.041334000
2948	0.836216932
2949	0.379104900
2950	0.580596330
2951	0.172566720
2953	1.954386912
2954	0.250488060
2955	0.000000000
2956	16.842487410
2957	0.197503406
2959	0.000000000
2960	0.343908863
2961	0.233554519
2962	0.206586744
2963	0.499515250
2965	0.301491214
2966	0.853298138
2967	0.197156326
2968	0.271854824
2969	0.104699874
2971	1.405515019
2972	0.545411155
2974	0.370819214
2975	0.184206178
2977	0.946809959
2978	0.229266576
2979	1.859937992
2980	0.187331499
2981	0.027229201
2985	0.468020658
2986	0.000000000
2987	0.076186769
2988	0.000000000
2989	10.825371650
2991	0.074189970
2992	0.096428145
2993	0.000000000
2994	0.000000000
2995	0.166526205
2996	0.205087224
2997	0.126932026
2998	0.000000000
2999	0.210919683
3000	0.000000000
3002	0.322777813
3003	0.138919751
3004	0.147591782
3005	0.180112241
3006	0.000000000
3007	0.233880684
3008	0.294788012
3009	0.128330771
3010	0.087865783
3013	0.521318625
3015	0.259153167
3016	0.325243871
3017	0.464381690
3019	0.198516485
3020	0.326783257
3021	0.027682846
3022	0.145317346
3023	0.180752442
3025	0.263012092
3026	0.473826374
3027	0.082982957
3029	0.089715336
3030	0.000000000
3032	0.415286416
3033	0.177036223
3035	0.106331586
3036	0.000000000
3037	0.171499895
3038	0.216561562
3039	0.129363799
3041	0.172842578
3042	0.000000000
3043	0.422902741
3044	0.250409800
3045	0.182879017
3047	0.084184480
3048	0.000000000
3049	0.330879533
3051	0.184975410
3052	0.061341669
3053	0.132740643
3054	0.000000000
3055	0.006981344
3056	0.231051623
3057	0.044163805
3062	0.380884474
3064	0.144114334
3065	0.000000000
3066	0.000000000
3067	0.438855201
3068	0.838460950
3070	0.014547033
3071	0.226098671
3073	0.398826600
3074	0.390496373
3075	0.386264468
3076	0.354168804
3078	0.000000000
3079	20.969019320
3080	0.097363244
3081	0.159635920
3082	0.941106414
3083	0.000000000
3085	0.559332082
3086	0.276242571
3088	0.416640980
3089	0.304446497
3090	0.000000000
3091	0.346160426
3092	0.372018030
3093	0.370472926
3094	0.000000000
3096	0.003093428
3098	0.284663163
3099	8.552375164
3100	0.656489677
3101	0.404264934
3102	0.000000000
3103	0.238914260
3104	0.320666689
3106	0.262655844
3107	0.146957171
3108	0.066263109
3110	0.311030862
3111	0.156313566
3112	0.101276669
3113	0.123034504
3114	0.013964779
3115	0.753874795
3119	0.072974709
3120	0.000000000
3121	0.266255140
3122	0.262336220
3123	0.112643687
3124	0.086258568
3125	0.125329807
3127	0.291419639
3128	0.124408617
3129	0.000000000
3130	0.043433091
3131	0.963372399
3132	0.020261982
3133	0.420074106
3135	0.175990772
3136	0.037351461
3137	0.517484642
3138	0.000000000
3139	0.287982891
3140	0.215767604
3141	0.107675368
3142	0.930160311
3143	0.164796297
3145	41.268594380
3146	0.000000000
3147	0.000000000
3148	0.118913414
3149	0.000000000
3151	3.407563091
3152	0.827510905
3153	1.014554578
3154	0.556783260
3157	2.766236946
3158	0.721427777
3159	0.858359997
3160	0.389340068
3161	0.326903790
3163	0.157108748
3164	2.477420723
3166	0.163308827
3167	0.180155526
3170	2.475026850
3171	0.428738948
3172	0.191785615
3173	0.023014026
3175	0.954115411
3176	0.549056907
3177	2.334254839
3178	0.191982401
3179	0.179010253
3181	0.442716030
3182	1.076398091
3183	0.544114126
3185	0.119941816
3187	0.630709884
3188	0.707086405
3189	0.182070766
3190	0.451849312
3191	0.175480995
3193	0.173532768
3194	0.220881516
3195	0.171019245
3196	0.271469638
3199	0.408012698
3200	0.638997556
3203	0.350665335
3205	1.204701120
3206	0.288464680
3207	3.594929973
3208	0.355835199
3209	0.456164634
3211	0.099464383
3212	0.242668722
3213	0.065816820
3214	0.046075397
3215	10.062962550
3217	0.364603119
3218	0.226183918
3219	0.174450237
3223	4.608966424
3224	0.358126736
3225	1.388430006
3226	0.227369470
3227	0.429489144
3229	1.285390349
3231	0.283276096
3233	0.334848805
3235	0.511966401
3236	0.493522136
3237	0.344989313
3238	0.209071571
3239	0.348795422
3241	0.148739948
3242	0.714377190
3243	0.731443453
3244	0.666613762
3245	0.486084854
3247	0.256519679
3249	0.354815801
3250	0.776064257
3251	0.343827252
3253	0.325752254
3254	1.334338923
3255	0.156019663
3256	0.213943918
3257	0.266679575
3259	0.438488429
3260	0.587013737
3261	0.188369231
3262	0.806945819
3263	0.293550680
3265	1.043647493
3266	0.489061732
3267	0.068942354
3268	0.334693876
3269	0.065484630
3271	0.258396262
3272	0.344486689
3273	0.263975089
3274	0.161507763
3275	0.022178275
3276	0.000000000
3277	0.533159802
3279	1.343122508
3280	0.055545688
3281	0.256895564
3282	0.000000000
3283	0.362134636
3284	0.324184111
3286	0.130032230
3287	0.026546049
3288	0.000000000
3289	0.135799843
3292	0.094330032
3293	0.261344164
3294	0.000000000
3295	0.314655192
3297	0.222704382
3298	0.373066065
3300	0.000000000
3303	0.364903645
3304	0.268656538
3307	0.254097708
3308	0.083694549
3309	0.079145160
3310	0.126508096
3311	0.127977200
3312	0.038863059
3313	0.403254094
3314	0.174192098
3315	0.407958758
3316	0.024761588
3317	0.212360031
3318	0.045713575
3319	0.581138363
3320	0.883806062
3322	0.202847215
3323	0.124340888
3324	0.000000000
3325	0.402184039
3326	0.004482422
3327	0.292065708
3328	0.066529613
3329	0.114202585
3330	0.000000000
3331	0.157106334
3332	0.208311892
3336	0.000000000
3337	0.245080630
3338	0.031481428
3339	0.006077363
3340	0.159489465
3341	0.172783271
3342	0.000000000
3343	0.318294709
3344	0.287466975
3346	0.368141641
3347	0.251761319
3348	0.405793580
3349	0.699791795
3351	0.300007812
3352	0.118301159
3354	0.045599005
3356	12.483394130
3358	0.232581815
3359	0.207711795
3361	0.226141946
3362	1.279571905
3363	0.299373670
3364	0.338419545
3365	0.129438713
3367	0.174887839
3368	0.958659759
3369	1.201151282
3370	0.238317210
3371	0.055950688
3373	0.465265487
3374	0.892077092
3379	0.548167093
3380	0.165063641
3381	0.000000000
3382	0.222722316
3383	0.357098682
3384	0.000000000
3385	0.217166911
3386	0.256226884
3387	1.140333091
3389	0.174307703
3390	0.000000000
3392	0.289491815
3393	0.000000000
3394	0.236025719
3395	0.135687721
3398	0.351213440
3399	1.013083068
3400	0.530117428
3401	0.020193844
3404	0.000391319
3405	0.000000000
3406	0.070534258
3407	0.142900922
3408	0.000000000
3409	0.096601341
3410	0.100024719
3411	0.170563602
3412	0.339038661
3413	0.144417465
3415	0.241553016
3416	0.187531332
3417	0.000000000
3418	0.100725416
3419	0.040776386
3420	0.000000000
3421	0.189941350
3422	0.000000000
3423	0.107001752
3424	0.116537192
3425	0.591394969
3426	0.063910309
3427	0.985257205
3428	0.778100131
3429	0.375856116
3430	0.158867010
3431	0.240499882
3434	0.462843630
3435	0.121446745
3436	0.626218245
3437	0.202274615
3439	0.271868648
3440	0.696655644
3441	2.207635506
3442	0.128353977
3443	0.176643458
3445	0.304854659
3446	3.004528569
3447	1.046628403
3448	2.403968815
3451	0.813170802
3452	0.718092928
3453	2.642059748
3454	0.401387541
3455	0.203316078
3457	0.497714343
3458	0.351506117
3459	0.160925853
3460	0.374766614
3461	0.047755713
3463	0.000000000
3464	0.395765844
3465	1.837820045
3466	19.457191270
3469	0.147851103
3470	0.607212266
3471	0.384322531
3472	0.808252011
3473	0.011997036
3476	0.823226759
3477	0.464657536
3478	0.415075092
3479	0.599957815
3481	0.203048431
3482	0.420739642
3483	0.054938883
3484	1.785473934
3485	0.073690050
3487	0.082747915
3488	0.504147541
3489	0.723383102
3491	4.344865620
3493	0.018937404
3494	0.919215910
3495	0.645755861
3496	0.248205398
3497	0.355440631
3499	99.999999999
3500	0.000000000
3501	0.000000000
3502	0.000000000
3503	0.000000000
3505	0.484293310
3506	0.824150375
3507	0.300446382
3508	0.079213859
3509	0.019192208
3511	0.087720298
3512	0.464624647
3513	0.193621993
3514	0.374125886
3515	2.189380618
3517	0.005742661
3518	0.394234940
3519	0.284842426
3520	0.257118150
3521	0.256667245
3523	0.164707031
3524	0.464899745
3525	0.111499563
3526	0.201570578
3527	0.208579161
3529	10.134550770
3530	0.115836673
3531	1.049810793
3532	0.391692338
3533	5.681200553
3535	0.978060106
3536	0.586826467
3537	0.359760577
3538	0.069802577
3542	0.395339212
3543	0.304369992
3544	0.326281279
3545	0.145992159
3547	0.174464148
3548	1.150254070
3549	0.545229506
3553	0.176197539
3554	0.000000000
3555	0.117208347
3556	0.002234633
3557	19.556324440
3560	0.386902596
3561	0.444998674
3562	1.043445638
3564	0.000000000
3568	0.000000000
3569	0.151218650
3570	0.000000000
3571	0.326681881
3572	0.842951194
3574	0.079624383
3575	0.206764182
3577	0.239882332
3579	0.515365855
3580	0.040922251
3581	0.000000000
3582	0.000000000
3583	0.325973748
3584	0.196465687
3585	0.112848060
3586	0.080261004
3587	0.032806279
3588	0.000000000
3589	0.188430209
3590	0.229359149
3592	0.439582708
3593	1.021333480
3595	0.490078080
3596	0.413144080
3597	0.129150688
3598	0.278706658
3600	0.000000000
3601	0.544904030
3602	2.041144923
3603	0.663671898
3604	0.399667822
3606	0.000000000
3608	1.943133417
3609	0.106561888
3611	0.270279544
3612	0.000000000
3613	0.710235936
3614	0.503056717
3615	0.418158658
3616	0.307128052
3617	0.156541816
3618	0.000000000
3621	0.290497140
3622	0.151709393
3623	0.000000000
3624	0.000000000
3626	0.325674024
3627	0.222414033
3628	0.186302650
3629	0.183663649
3630	0.061271796
3631	0.261662172
3633	0.000000000
3634	0.625753947
3635	0.201042483
3637	0.305597991
3638	0.423000172
3640	0.110187596
3641	0.362107726
3642	0.044916982
3643	0.614894098
3644	0.361779675
3645	0.000000000
3646	0.404436096
3647	0.290769299
3648	0.000000000
3649	1.001835856
3650	0.382391410
3651	0.180526113
3652	0.000000000
3653	0.000000000
3654	0.000000000
3655	0.070994070
3656	22.189681690
3658	0.227296567
3659	0.098903881
3662	0.490072677
3664	0.246285633
3665	0.597465342
3666	0.022564136
3667	0.331167919
3669	0.325665617
3670	0.256635323
3671	0.048591705
3674	0.419616285
3675	0.369978580
3676	0.240290487
3678	0.000000000
3680	0.487823316
3681	0.226239575
3682	0.522617189
3684	0.000000000
3686	0.491877254
3687	0.512633072
3688	0.536078203
3691	0.220209930
3692	0.398838514
3693	0.240179372
3694	0.190348894
3695	0.125212706
3696	0.000000000
3698	0.717192281
3699	1.772248707
3700	0.315981761
3701	0.236661216
3702	0.000000000
3705	0.142927620
3707	0.095962922
3708	0.002939192
3709	0.169332263
3710	0.209818343
3711	0.033112641
3712	0.071795740
3713	0.200737041
3714	0.000000000
3715	0.464876893
3716	0.459783089
3718	0.278579636
3719	0.308681240
3721	0.587903576
3722	0.642878520
3723	0.067425535
3724	0.137922773
3725	0.297020746
3727	0.000000000
3728	0.614696402
3729	1.428864521
3730	0.207724425
3731	0.110064527
3733	1.937098709
3734	0.676255428
3735	0.196006676
3736	0.240887455
3737	0.618900248
3739	0.118546227
3740	0.867180533
3741	0.224258185
3742	6.158150602
3743	0.203284272
3745	0.572785257
3746	0.144636844
3747	0.454087561
3748	0.149086973
3749	0.078026344
3751	0.128173257
3754	1.009460592
3755	0.849202527
3757	0.390779496
3758	0.301431276
3759	0.556240494
3760	0.249537627
3763	0.777351821
3764	0.492576266
3766	0.227586981
3767	0.226434304
3769	0.000000000
3771	0.218724074
3773	38.899857630
3775	0.172950239
3776	0.592267227
3777	0.078768247
3778	0.064509907
3779	0.714937009
3781	1.749479312
3782	2.570384163
3783	1.172715645
3785	0.358835928
3787	0.453686015
3788	0.360863043
3789	0.174102482
3790	0.080117380
3791	0.271359784
3794	0.000000000
3795	0.455459865
3796	0.178039653
3797	0.402342097
3799	0.339439608
3800	0.295410276
3801	0.174537951
3802	0.068834969
3803	0.809348114
3806	0.217582900
3807	0.256734431
3808	0.163196288
3809	0.338276497
3811	0.358786330
3813	0.199276938
3814	0.288734656
3815	0.000000000
3817	0.188284233
3818	0.373896713
3819	0.800516553
3820	0.389396498
3821	0.749467010
3823	0.186508621
3824	0.279867132
3825	0.385278114
3829	0.725815858
3830	0.455654373
3831	0.282157732
3832	0.158174873
3833	0.183859275
3835	0.705172398
3837	0.275347876
3838	0.313813175
3841	0.415846793
3842	0.294661352
3843	1.199176010
3844	0.504132810
3845	0.367058672
3848	1.015873848
3849	0.550160042
3852	0.019572509
3853	0.305349064
3854	0.388492743
3855	0.256433171
3856	0.188163345
3857	0.096910489
3859	0.471418697
3860	0.691545615
3861	0.291072129
3862	0.096205865
3863	0.186370634
3864	0.000000000
3865	0.246025333
3866	0.209323024
3867	0.200356328
3868	0.256830922
3870	0.000000000
3872	0.326074579
3873	0.149209793
3874	0.264228330
3875	0.135254645
3876	0.000000000
3877	0.298791302
3878	0.696616326
3880	0.499613935
3881	0.266045140
3883	0.226484134
3884	1.792008927
3885	0.439024425
3886	0.088749095
3887	0.578447672
3890	0.849357662
3891	0.280932653
3892	0.134364286
3893	0.144210611
3894	0.000000000
3896	0.616680514
3897	0.444608350
3898	0.052192316
3900	0.000000000
3902	0.297565310
3903	0.145755687
3904	0.113479718
3905	0.107887624
3907	0.568136795
3908	0.257534164
3909	0.537185010
3910	0.023952773
3911	0.095700729
3914	0.002057068
3915	0.276978414
3916	0.200239152
3917	0.163957784
3918	0.006217117
3921	0.399287975
3922	0.272352169
3923	0.316473115
3926	0.807596340
3928	0.208684138
3929	0.203220347
3930	0.000000000
3931	0.931972509
3933	0.210179893
3934	0.315153713
3936	0.000000000
3938	0.056075918
3939	0.134430657
3940	0.274581826
3941	0.124959016
3942	0.000000000
3943	0.389573313
3944	0.350590375
3945	0.177237221
3946	0.000000000
3947	1.068713920
3949	1.808045895
3950	0.158356730
3951	0.138031524
3952	0.105975973
3953	0.539822681
3954	0.000000000
3955	0.785880217
3956	0.000000000
3957	0.242171232
3958	0.712154740
3959	0.011100839
3960	0.010554138
3961	1.214253689
3963	0.089772929
3964	0.225869395
3965	0.000000000
3966	0.052784655
3968	0.392632990
3970	0.316182259
3974	0.133777931
3975	1.281302466
3977	18.904401010
3978	0.000000000
3979	0.295974148
3980	0.426249100
3981	0.289842948
3982	1.397622589
3983	0.000000000
3985	0.485682717
3986	0.149280292
3987	0.406212507
3989	0.341793796
3990	0.000000000
3992	0.256751837
3995	0.192120094
3996	0.000000000
3999	0.139683842
4000	0.145919043
4001	0.192124817
4002	0.000000000
4003	0.213674559
4004	0.096741533
4005	3.199469271
4006	0.203329180
4009	0.369541428
4010	0.063085014
4012	0.363535788
4013	0.481626080
4015	0.151728002
4016	1.009681242
4018	0.244411743
4021	0.212612229
4022	0.308292758
4023	0.648123014
4024	0.992417796
4025	0.438227585
4027	0.248810841
4028	0.645224980
4029	0.467380538
4030	0.768281507
4031	0.073722058
4034	0.318971720
4035	0.062643950
4036	0.298640577
4037	0.436918605
4039	2.739073261
4040	0.229024700
4041	0.170457399
4042	0.468496675
4043	0.118161384
4045	0.689924916
4046	0.714567612
4047	0.370326761
4048	0.236863747
4049	0.128076791
4051	0.181875723
4052	0.393995729
4053	0.206994820
4054	0.307001517
4055	0.428574260
4057	0.399667124
4058	0.542085172
4060	0.342692009
4061	0.070234457
4063	0.263715663
4064	0.932162419
4065	0.245547434
4066	0.542901906
4067	0.656614354
4069	0.713449057
4070	0.705463427
4071	0.426739953
4072	0.602625354
4073	0.161556906
4075	0.839360953
4076	0.303097753
4077	0.249587261
4078	0.109122775
4081	1.256064397
4082	1.603288652
4083	1.039544077
4084	0.400952943
4090	0.311977673
4091	0.543705250
4093	0.209766880
4094	0.296562236
4095	0.184650340
4096	0.131990300
4097	0.389931808
4099	0.194916636
4100	0.093101652
4102	0.374725989
4105	0.491284449
4107	0.285040893
4108	1.072841193
4109	0.305552343
4111	0.000000000
4112	1.214108791
4113	0.000000000
4114	16.382048660
4117	0.256164371
4119	0.234739440
4121	0.188837841
4123	0.373957362
4124	0.674216274
4125	1.898333078
4126	0.189155418
4129	0.242277143
4130	0.356094041
4131	0.853718429
4132	0.418100439
4133	0.000000000
4136	0.398614937
4137	0.128470607
4139	0.000000000
4140	0.000000000
4141	0.200900704
4142	0.668279246
4143	0.158065370
4144	0.000000000
4145	0.172409129
4146	0.008949114
4148	0.460716732
4149	0.139370606
4150	0.112588647
4151	0.374643069
4152	0.000000000
4153	0.126289592
4154	0.325822771
4155	0.207181411
4156	0.000000000
4158	0.000000000
4160	0.080152662
4162	0.058843238
4165	0.169431608
4166	0.223159263
4167	0.000000000
4168	0.252158436
4169	0.000000000
4171	84.265929630
4173	0.164746584
4174	0.000000000
4175	0.000000000
4176	0.000000000
4177	1.091851212
4178	0.279112765
4179	0.394479073
4180	0.219837829
4181	0.163310169
4182	0.000000000
4183	3.527221511
4184	0.271932453
4185	0.245203363
4186	0.113200483
4187	1.376568884
4188	0.000000000
4189	0.468720250
4190	0.449184960
4191	13.192210200
4193	0.148427449
4194	0.000000000
4195	0.389928659
4196	0.359314183
4197	0.355597010
4199	0.231277904
4200	0.000000000
4201	0.841129565
4202	0.995756936
4203	0.009453928
4204	0.025852420
4205	0.005783201
4207	0.351866211
4208	0.356132816
4209	0.091650771
4210	0.445869642
4212	0.006617931
4213	0.541744153
4214	1.599061203
4215	0.358997527
4217	0.122502291
4218	0.011576935
4219	0.473506961
4220	0.316972831
4221	0.310736468
4222	0.135617129
4223	3.571184413
4224	0.000000000
4226	0.859780792
4228	0.232897331
4229	0.000000000
4230	0.000000000
4231	0.028692515
4232	9.312828302
4233	0.038579493
4234	0.608700087
4238	0.377212872
4239	0.210040986
4240	0.140335321
4241	0.293848060
4244	0.479343139
4245	0.132286451
4246	0.698833442
4247	0.428296706
4248	0.000000000
4249	1.612941613
4250	0.501953903
4251	0.243251392
4252	0.233609169
4253	0.174778816
4255	0.424405553
4256	0.218138285
4257	0.170571699
4258	0.185931194
4259	0.121654733
4261	0.435581312
4262	0.368472668
4263	0.000000000
4264	0.137463164
4265	0.252991926
4266	0.000000000
4268	0.238805792
4269	0.165025207
4270	0.143231392
4271	0.112545118
4272	0.000000000
4273	0.120121501
4274	0.117873162
4275	0.042587203
4276	0.109439252
4279	0.559304506
4280	0.398709537
4281	0.150677316
4282	0.327480514
4283	0.343723437
4284	0.000000000
4285	0.292800516
4286	0.178407259
4287	0.091757015
4288	0.067613867
4289	0.168663181
4290	0.008474127
4291	0.058002248
4292	0.284242362
4293	0.155204109
4294	0.455497376
4295	0.092861210
4297	0.210706290
4298	0.410401085
4299	0.262888655
4300	0.000000000
4303	0.334310310
4304	0.730353929
4305	0.259134531
4306	11.477233980
4307	0.429376696
4309	0.223312138
4311	0.272931551
4312	0.505308849
4313	0.489559301
4315	0.400732670
4316	0.308480196
4317	0.310015544
4318	0.414990905
4319	0.112860874
4321	0.411184339
4322	0.000000000
4323	0.412148399
4324	0.608129609
4325	0.000000000
4327	0.425842470
4328	0.380435484
4329	0.516938088
4330	0.285909222
4331	1.019940855
4333	0.181838561
4334	0.408161497
4335	0.390959650
4336	1.884896234
4337	1.113385433
4339	0.000000000
4340	0.533592172
4341	0.596546701
4342	0.215637607
4343	0.044853291
4345	0.669689606
4346	0.163487175
4347	0.134727714
4348	0.655354210
4349	0.000000000
4351	0.822845588
4352	0.954078092
4355	3.250225906
4357	0.171629759
4358	0.126358996
4359	0.793040827
4360	2.992630564
4361	2.012699386
4363	0.917269745
4364	0.725299436
4366	0.241743327
4367	0.260971444
4369	0.357837618
4370	0.175757879
4371	0.314410537
4372	0.000000000
4373	11.874882930
4375	0.493328989
4376	0.197823831
4377	0.184782719
4378	0.207440815
4379	0.222724654
4381	0.421991387
4383	0.235764975
4384	0.011672746
4385	10.858610710
4387	0.315330613
4389	0.232244256
4390	0.341929620
4391	0.300707865
4393	0.230530129
4394	0.851846474
4395	0.879194696
4396	0.539633039
4397	0.431841395
4399	1.616771758
4400	0.468226752
4402	0.165281933
4403	4.057026312
4405	0.540549523
4407	0.171821772
4408	0.533007559
4409	1.112782280
4411	0.000000000
4412	0.461463590
4413	0.270015487
4414	0.438030211
4415	2.705664955
4418	0.785470704
4419	0.229976581
4420	0.489247331
4421	0.157582849
4424	1.014705899
4426	0.105776257
4427	0.124859297
4428	0.000000000
4430	0.524452647
4431	0.118139012
4432	0.222337397
4434	0.072138059
4435	0.104945578
4436	0.966767490
4439	0.125049600
4440	0.000000000
4442	0.000000000
4443	0.765325689
4444	0.283191413
4445	0.166361115
4446	0.000000000
4447	0.000000000
4449	2.680968257
4450	0.204372250
4451	0.435151401
4452	0.000000000
4453	0.726551164
4454	0.182021863
4455	0.409268261
4456	0.288258400
4457	0.699831800
4459	0.672667378
4461	0.091736152
4462	0.087685873
4463	0.000000000
4464	0.000000000
4466	15.900967930
4468	0.104335434
4469	0.000000000
4470	0.000000000
4473	0.598604080
4475	0.000000000
4476	0.000000000
4478	0.984173071
4479	0.575505708
4480	0.061775832
4481	0.441461460
4482	0.002239684
4483	0.080931331
4484	0.805384147
4486	0.188718589
4487	0.247035690
4488	0.000000000
4489	0.160030866
4490	0.456875850
4491	0.290943913
4492	0.083301313
4493	0.092088228
4494	0.000000000
4496	0.340655899
4497	0.104574311
4498	0.288167425
4499	0.012735255
4500	0.000000000
4501	0.155001693
4502	0.854915540
4503	0.210765707
4504	0.014458018
4505	0.000000000
4506	0.000000000
4508	0.318530101
4509	0.171258189
4510	0.557166613
4511	0.213765245
4512	0.000000000
4514	0.439538043
4515	0.778094648
4516	0.041286324
4517	0.334931910
4518	0.000000000
4519	0.323803031
4520	0.505455353
4521	0.181508595
4522	0.205725689
4523	6.809324347
4525	0.000000000
4526	0.187133671
4527	0.132478419
4528	0.062518358
4529	0.197605278
4531	1.266129534
4532	0.686365055
4533	0.122835740
4534	0.025800134
4536	0.000000000
4537	1.283982789
4538	2.608904851
4539	0.720994085
4540	0.000000000
4541	0.089402882
4542	0.000000000
4543	0.675093708
4544	0.537692193
4545	4.747008537
4547	0.001823016
4548	0.000000000
4550	0.703473311
4552	0.062151302
4553	0.248248603
4554	0.000000000
4556	0.741866380
4557	0.111131274
4558	0.144487696
4560	0.000000000
4562	0.322969348
4563	0.093854649
4564	0.406778378
4565	0.356136537
4566	0.000000000
4567	0.000000000
4568	0.343971741
4570	0.032131846
4571	0.376222289
4572	0.000000000
4575	0.079291293
4576	0.469950993
4577	0.000000000
4578	0.006535941
4579	0.337316965
4580	0.289474069
4582	0.408101579
4583	0.136793649
4585	0.000000000
4586	15.582445620
4587	0.000000000
4588	0.000000000
4589	12.669054850
4591	0.319854778
4592	0.215226915
4593	0.259953781
4594	0.254743771
4595	0.442205260
4597	0.653519023
4598	0.425052060
4599	0.201837245
4601	0.927510287
4603	0.645408065
4604	0.529362435
4605	0.047306455
4607	0.162490252
