Reporter Identifier	VALUE
1	0.220769711
2	0.360488964
3	0.385915093
4	0.657584166
5	0.000000000
7	1.823539182
8	0.996257238
9	1.983083139
10	5.139073865
11	0.313061987
13	0.262738715
14	1.412262430
15	0.598621541
16	1.463201643
17	1.301891050
19	0.342222502
21	1.000892774
22	0.723135221
23	3.318549858
25	0.257560743
26	0.609706654
27	2.159449031
28	1.633112291
29	0.409228218
31	0.256876999
32	1.556781431
34	1.107543090
35	0.831469895
37	0.563465543
38	1.125826235
39	0.556684575
40	0.418980840
41	1.113673812
43	0.780246418
44	0.935711429
45	0.925164193
46	1.403233409
47	0.863596304
49	0.068266589
50	11.292402340
51	1.229627210
52	0.973598692
56	0.591645384
57	1.708750088
58	0.653353936
59	0.690425634
61	0.257414816
62	1.047120675
63	0.336575923
64	0.473696009
67	1.729471251
68	0.351170052
69	0.803105412
70	1.966709131
71	1.006120659
73	0.405607443
74	0.626393806
75	1.067709236
76	1.047946118
77	3.305486970
79	0.285112025
80	0.901215241
81	1.018170870
82	1.676133746
83	0.407185395
85	4.811222491
86	1.346959617
87	0.332856423
88	0.618065218
91	0.223251566
92	0.687179157
94	1.524994891
98	0.661434823
99	0.495473681
100	0.530804577
101	0.496787594
103	0.498375996
104	0.282572108
106	0.200164489
107	1.020448399
110	1.297924653
111	1.871194698
113	0.235212092
116	0.401319124
117	0.282578440
119	0.484031973
121	1.294777003
122	0.752789282
123	0.000000000
124	0.451206521
125	0.630782329
126	0.000000000
128	0.812582947
131	0.000000000
133	7.370775195
134	0.703858760
135	1.813601096
136	0.912451509
137	1.119813626
139	0.367564222
141	0.495255009
142	0.157370735
143	0.263347260
144	0.000000000
149	0.208715941
151	0.292223267
152	0.671618793
153	0.396669935
154	0.297720957
155	0.355410773
156	0.000000000
157	0.302870144
158	0.219908418
159	0.780815360
160	4.185402065
161	0.120676589
162	0.000000000
163	0.419983268
166	0.479633488
167	0.472997136
168	0.000000000
169	0.329463805
170	0.000000000
171	0.474880951
172	0.362597230
173	0.379351729
174	0.000000000
175	0.647430369
178	0.501411001
179	0.099188800
183	0.363418635
184	0.000000000
185	6.040438569
190	0.177642331
191	0.569289235
192	0.000000000
194	0.211281237
195	0.357739143
196	0.463597564
197	0.533516892
198	0.000000000
199	0.400694862
200	0.567768661
201	0.995986177
202	1.186607221
203	0.593997459
205	0.456868138
206	0.828782602
207	0.587021785
208	0.000000000
209	0.000000000
210	0.000000000
211	0.360890278
212	0.401742381
213	0.466450526
214	0.520278208
215	0.190492394
217	1.388874638
219	0.558328852
220	0.345167239
221	0.128391970
222	0.000000000
223	0.212385302
224	0.000000000
225	0.591409761
227	0.261686090
230	1.221413143
232	0.662878046
233	0.165156013
234	0.000000000
235	0.232021671
236	0.410378298
237	0.535616442
238	0.665216352
239	0.152027009
243	0.000000000
244	1.194763450
245	0.579126533
246	0.000000000
247	0.709855906
248	0.596432714
249	0.324205092
250	0.399886745
251	2.629286873
253	0.287817556
254	0.255698517
255	0.153039511
256	0.467534669
257	0.510614237
259	0.580948125
260	0.889302834
261	1.025779983
262	1.594621546
263	1.616765687
265	27.841464750
266	0.792406607
267	1.775476257
268	1.091087799
271	2.657784023
272	2.208311423
273	1.221447133
274	0.930915163
277	1.661177966
279	0.676465090
280	1.346960155
281	0.461381986
283	0.737091857
284	1.278906555
286	2.359113091
287	1.877276768
289	0.096169520
290	0.788877725
291	0.286534642
292	0.249632325
295	1.494593067
296	1.557820569
297	0.661601128
299	0.694507716
301	0.661283428
302	1.793466991
303	0.197704661
304	1.133070256
307	0.773318303
308	0.638607696
310	0.502724685
311	2.819445597
313	0.423735324
314	0.974226156
315	0.597139601
317	0.301975992
319	0.310927084
320	0.334745569
322	0.842118233
323	0.468444708
325	1.304512765
326	0.449242187
327	0.750801499
328	1.318053751
329	1.032713294
331	0.844493851
332	0.592748461
333	0.617207068
334	0.710408584
335	0.882294129
337	0.692530211
338	0.461311150
339	1.167967930
343	1.118143046
344	0.969025273
345	0.131156301
347	0.267681979
349	0.889276050
350	0.397988743
351	0.961636197
352	0.595441737
353	0.664557854
355	0.264821304
356	0.388144486
357	0.512586908
358	0.411585718
359	0.418055510
361	0.309802749
363	0.000000000
364	0.827838435
365	0.527547293
368	0.448565097
369	1.798464899
370	0.867859716
371	7.804332180
373	0.748737811
374	0.469523865
376	7.104417197
377	0.593026568
379	1.466476701
380	0.863163310
381	0.814613030
382	0.824021151
386	1.628535443
387	0.741547625
388	1.128425282
392	0.724060087
393	0.484787834
394	0.540534859
395	0.740119092
396	0.000000000
398	0.813866108
399	0.720692936
400	0.332991638
401	1.274535900
402	0.000000000
403	0.994438659
404	0.865847894
406	0.643362019
407	0.403579383
408	0.000000000
409	1.532274663
410	1.630698675
411	2.048040142
412	0.094134266
413	0.529448652
414	0.000000000
415	0.680068664
416	0.515941709
417	0.480730945
418	0.000000000
419	0.683486670
420	0.000000000
421	0.449789548
422	0.275226827
423	0.305171840
424	0.221439618
425	0.319301247
430	0.253982369
431	0.669289398
432	0.000000000
434	0.720937376
435	0.403678097
436	0.530176262
437	0.380830083
439	1.319467430
440	0.755150008
442	1.051076969
443	0.351425892
444	0.000000000
447	0.352239174
448	0.000000000
450	0.000000000
451	0.543410798
453	1.963343869
454	0.284945585
456	0.000000000
457	2.942448537
459	0.528203941
460	0.272152255
461	0.222408615
464	1.007434497
465	0.640440223
466	0.114642047
468	0.000000000
469	0.926950267
470	0.000000000
471	0.427099003
472	1.557541005
473	0.897426390
474	0.000000000
476	0.851702395
477	0.438406300
478	0.000000000
479	0.578582175
480	0.000000000
482	1.412210627
484	0.079020786
485	0.468697791
486	0.000000000
487	0.934044431
488	1.080974643
489	0.558248854
490	0.327185220
491	0.387567582
494	0.626066871
495	0.000000000
497	0.409490043
500	0.995425164
501	0.539294374
502	0.056559220
503	0.287614763
504	0.000000000
505	0.000000000
507	0.075093549
508	0.100745546
509	0.145639597
511	0.171567682
512	0.010124401
513	14.043913910
514	0.195635236
515	0.064372248
516	0.000000000
518	0.392024166
519	0.144501487
520	0.081764690
524	0.632394172
525	0.409079339
526	0.355489504
527	0.446517573
528	0.000000000
529	0.489435205
530	0.434331277
531	0.329977271
532	0.211312401
533	0.145986532
534	0.000000000
539	0.738123541
540	0.000000000
542	0.317149003
544	0.140632220
545	0.330110131
546	0.000000000
547	1.407243308
548	0.420682908
549	0.127677080
550	0.776719853
551	0.311925356
553	1.560061374
554	0.308055067
555	0.818654649
556	0.786684013
557	0.504142836
559	1.076687909
560	0.720049178
561	1.487121397
562	0.293522851
563	1.793925410
565	1.323115120
566	3.429927604
567	0.567998262
568	0.669282292
569	2.128644073
571	1.641771149
573	1.026514811
575	1.257714516
577	5.741494100
578	0.741695321
579	0.106755868
581	0.619321505
583	0.891347382
584	0.422178020
585	0.679534700
586	0.148890894
587	0.698813767
589	1.701910616
590	0.816685391
591	0.614600104
592	0.511085440
593	1.631638398
595	1.947196110
596	0.329784016
597	0.295315853
598	1.149080555
599	1.336773973
601	1.369851293
602	0.924420691
605	1.257696355
607	1.087360701
608	0.269158411
609	0.625441592
610	2.250237143
611	0.497182877
613	1.525523757
614	0.899863428
615	0.644588014
616	0.762740633
617	0.739722969
619	1.110500199
620	0.000000000
621	28.981894600
622	1.020886503
623	0.273479489
625	1.773923393
626	1.224304844
627	0.233234715
628	0.660310219
629	0.929845058
631	0.981927764
632	1.066677737
633	0.000000000
635	0.206321458
637	0.515391649
638	2.302805172
639	0.253300182
640	0.604851616
641	0.585019123
643	0.590310471
644	0.315395228
645	0.265968140
646	0.351055086
647	0.094600034
649	1.875089569
651	0.998125808
652	0.549493096
653	0.406212019
655	0.767904761
656	1.095338854
657	0.584931312
658	0.518456793
659	0.293527063
661	1.563045810
662	1.961471541
664	2.591701691
665	1.255519945
668	1.316114917
671	0.735294249
674	0.723663800
676	0.357239582
677	0.688674181
679	0.823771411
680	1.176104422
681	0.646723007
683	0.626946019
684	0.000000000
686	1.666575473
687	0.650367394
688	0.271371313
689	0.876924729
690	0.000000000
691	0.873298189
693	0.000000000
694	0.362041735
695	0.538821420
696	0.000000000
698	1.302522668
699	0.370427593
701	0.390731226
702	0.000000000
704	0.934203602
705	0.921979573
706	0.265881371
707	0.577942442
708	0.000000000
709	0.377608479
710	0.000000000
716	1.375511218
717	0.535293889
718	0.249059467
719	0.644022687
720	0.000000000
723	0.312963969
725	0.552325222
726	0.000000000
728	0.688208150
729	0.457418362
730	0.492282309
732	0.000000000
733	12.438548040
734	1.505672984
735	0.467752192
736	0.530284936
737	0.291749634
738	0.000000000
739	0.974508907
740	1.444298345
741	0.636389977
742	0.278825356
743	0.275745151
744	0.000000000
746	0.647704213
747	0.551111032
748	0.469718713
749	6.988021844
750	0.000000000
751	1.281709753
752	1.133658331
753	0.271249409
755	0.589439336
757	0.658659660
758	1.492409083
759	0.484211994
760	0.274657835
761	0.000000000
763	1.029865803
764	0.595453166
765	0.511357877
766	0.088123640
767	1.218328289
770	1.003821581
771	0.497485122
772	0.160298871
773	0.301942338
774	0.000000000
775	0.635706824
777	0.588149589
778	0.271437053
779	0.724119689
781	0.775176306
782	0.702642665
783	0.657670095
784	0.073328708
785	0.799500299
786	0.000000000
787	0.521997153
789	0.490124395
790	0.207480529
791	0.330086335
793	0.372221092
794	0.138767192
795	0.607451159
797	0.121127272
799	0.801812491
800	0.881124442
802	0.111681167
803	0.323378270
804	0.000000000
805	0.375180550
806	0.651855285
807	0.230584180
808	0.235581486
809	0.000000000
810	0.115416601
811	34.997895520
812	0.183359927
813	0.064279210
814	0.000000000
815	0.070103386
816	0.000000000
818	0.342033970
819	0.612955659
820	0.172494940
821	1.541218074
823	0.889541385
824	1.430642574
825	0.318685484
826	0.214238099
827	0.292340437
829	0.650193057
830	0.000000000
832	0.126715452
833	0.000000000
835	1.127623311
836	1.035934063
837	0.271016188
838	1.173381463
841	2.485991564
842	0.686943801
843	0.460557863
844	0.822512559
845	1.384543414
847	1.129479806
848	1.220931155
849	0.768351917
850	1.004307768
851	0.688727253
853	1.066062488
854	1.059110007
856	1.656229004
857	0.856698664
859	0.663391156
860	0.849184040
862	0.357636522
863	0.159081617
866	0.195162232
867	0.059715068
868	0.223154917
869	0.691427901
872	1.225295424
873	0.990674248
874	11.847264260
875	1.929301923
877	0.682804252
878	0.881355810
879	0.593544792
880	1.062008943
881	1.015485187
883	0.567353356
884	5.548170690
885	6.172060788
886	6.185485965
887	0.242458546
889	0.333555387
890	1.921029636
891	0.486597594
892	1.337744903
893	7.818328085
896	1.976828657
897	0.676288315
899	0.720333183
901	1.424805196
902	1.095889501
903	1.231803821
905	0.466234753
909	0.971560188
910	24.342284490
911	1.392346910
913	0.885441623
914	0.938155156
915	0.778135562
916	0.704014713
917	0.638130060
919	1.514299954
920	0.866761466
921	1.216650093
922	6.109195267
923	0.977200354
925	0.570238940
926	0.827422710
927	0.276726999
928	0.304087966
931	0.456878639
932	0.430227715
933	0.471213321
934	0.159337893
937	1.013968884
938	1.902493339
939	1.091875516
940	1.362509925
941	0.570674819
943	0.776111464
945	0.796057059
946	0.286868992
949	0.730395224
950	0.582829910
951	0.669764495
955	1.782363897
956	0.863934244
957	2.324707055
959	2.549396319
961	1.388904211
962	0.727791165
963	0.782224076
964	2.000880663
965	1.428966319
968	1.312621345
969	1.111972356
970	3.555656724
971	0.000000000
973	1.434078755
974	1.322286172
975	0.303131915
976	0.621383869
977	0.894490638
981	0.000000000
982	0.523340988
983	0.765313158
985	4.640955101
986	0.790806164
987	1.307680561
989	1.530168341
992	0.583400160
993	1.048674636
995	0.386557217
996	0.000000000
997	0.564959611
998	0.190795178
999	0.442365885
1000	0.795980422
1004	0.509386455
1005	0.777731652
1006	0.116447228
1007	0.827043052
1009	1.889080641
1010	0.636629251
1011	0.275774999
1012	1.502687789
1016	0.000000000
1017	0.485627357
1018	0.054409207
1019	0.163720693
1023	0.341615778
1024	0.044051793
1025	0.489368490
1028	0.181780233
1029	0.000000000
1030	0.033107736
1031	0.926841222
1033	0.000000000
1034	0.000000000
1035	0.237513687
1036	0.251416986
1037	0.979261360
1040	0.637568628
1041	0.102483425
1042	0.116316777
1043	0.000000000
1045	0.552750137
1046	0.489478703
1047	0.191967482
1048	0.174069643
1049	0.419962692
1050	0.000000000
1051	0.381423975
1052	0.313181457
1053	0.173817313
1055	0.414986618
1058	1.362672904
1059	0.614021790
1060	0.087492203
1061	0.695942732
1064	0.541931256
1065	0.720594575
1066	0.635851073
1069	0.618738511
1070	0.274038047
1071	0.107000414
1072	0.255488534
1073	0.459353246
1075	0.723717525
1076	0.321737263
1077	0.255933228
1078	0.206645742
1079	0.597204733
1081	3.203270356
1082	0.178671919
1084	0.052547905
1085	1.921315271
1086	0.000000000
1087	0.564025576
1088	0.219787204
1089	0.116329091
1090	0.082618041
1091	0.453319437
1093	1.178750898
1094	0.749502665
1095	0.122958396
1096	0.174419214
1097	0.000000000
1100	0.558071582
1102	0.574921943
1103	0.561840275
1105	1.427040010
1106	0.522609318
1107	0.194395998
1108	0.200376342
1109	0.526575855
1110	0.000000000
1111	5.478489661
1112	0.513311112
1113	0.285304650
1114	0.424216369
1115	2.089054329
1117	1.440249481
1118	0.368690691
1120	0.155384516
1121	0.000000000
1123	1.083728307
1124	2.021672185
1125	0.478296454
1126	1.399459952
1127	1.442759323
1129	0.412730980
1130	0.923779519
1131	0.862656496
1132	2.388142719
1133	2.578301829
1135	1.868747344
1136	1.487420799
1137	0.670733916
1138	1.067675223
1139	0.477780716
1141	0.465358434
1142	1.471033086
1143	1.088959500
1144	3.128273922
1145	1.964936895
1147	0.762416895
1148	1.682425649
1149	0.443892891
1150	1.397260226
1151	0.916105835
1153	0.295368785
1154	0.371236505
1155	0.096564493
1156	1.471754113
1157	0.085813086
1159	6.427100293
1160	0.431660933
1161	0.380094184
1165	0.578625325
1166	0.463299322
1167	0.896175905
1168	1.086966269
1169	0.461787817
1171	0.882052853
1172	0.906515547
1173	0.701845993
1175	0.676065957
1177	0.528207026
1178	0.298674735
1179	1.664813117
1180	0.668593120
1181	0.492243465
1185	1.749685459
1186	0.042891284
1187	0.453552374
1189	1.247960763
1190	0.796520964
1191	1.007648689
1192	0.689365916
1195	0.415666602
1196	1.143064699
1197	0.772585617
1198	0.386123258
1199	0.322276872
1201	0.224004857
1203	0.629949323
1204	0.265627567
1207	1.111043398
1208	0.786553085
1209	0.668089069
1211	0.353517471
1213	0.612918767
1214	0.811498306
1215	0.456068615
1217	1.350156882
1219	0.575352599
1221	0.531323559
1222	0.287577182
1223	0.110325480
1226	1.162484190
1227	1.133112505
1228	0.128660936
1229	0.212895739
1231	0.928273236
1232	1.143777352
1233	0.972996707
1235	0.000000000
1237	1.497341871
1238	0.439980374
1240	0.838037166
1241	0.000000000
1243	1.067227818
1244	1.292877402
1245	1.355801280
1246	4.444828286
1247	0.000000000
1250	1.539127547
1251	1.381122316
1252	0.841082449
1255	2.693129573
1256	0.000000000
1257	0.332552561
1258	0.520240677
1259	0.556733329
1260	0.000000000
1261	1.572063010
1262	0.983982910
1263	0.091796250
1264	0.658877794
1266	0.000000000
1267	1.084937334
1268	0.852607607
1270	0.847298183
1271	1.432858533
1273	1.017002226
1274	0.000000000
1275	0.143093394
1276	0.512126240
1277	3.122391434
1278	0.000000000
1280	0.431339531
1281	0.223065898
1282	0.491708098
1283	0.924687947
1284	0.000000000
1285	1.194106447
1286	0.239060246
1287	0.253141361
1288	0.613220442
1291	1.983397027
1292	0.687760356
1293	0.319065920
1294	0.642628132
1295	1.103365022
1296	0.000000000
1298	0.090420281
1300	0.796633678
1301	0.731770612
1302	0.000000000
1305	0.201460208
1306	0.370303707
1307	0.429171104
1308	0.000000000
1310	0.428061823
1313	0.901274399
1314	0.000000000
1316	0.647083012
1317	0.151180017
1318	0.340038326
1319	1.268833857
1320	0.000000000
1322	0.497563347
1323	0.973413584
1325	0.731425368
1328	1.295302200
1329	0.123176391
1331	0.242445497
1332	0.000000000
1333	0.269702518
1334	0.200256520
1335	0.380173735
1336	0.477139296
1337	0.387584400
1341	0.199198152
1342	0.530809074
1343	0.696269112
1345	0.580520117
1346	0.332670578
1347	0.176170675
1348	0.000000000
1349	0.237356978
1350	0.000000000
1351	1.163243800
1352	0.392440014
1354	0.526042441
1357	0.445623783
1358	0.820598606
1361	0.000000000
1362	0.000000000
1363	0.576665849
1365	0.199374943
1366	0.084935157
1367	0.145728748
1370	0.431056516
1372	0.247084149
1373	0.177210939
1377	0.517197120
1380	0.000000000
1382	0.260428694
1383	0.094312241
1385	0.345541038
1386	0.000000000
1389	0.571650216
1390	0.200191178
1393	0.552589331
1394	0.715560368
1395	0.124935052
1396	0.244310803
1397	1.563018952
1400	0.252129746
1401	0.768732667
1402	0.328937317
1403	0.763773107
1404	0.000000000
1405	0.646630413
1406	1.074682444
1407	0.028478643
1408	0.205472577
1409	0.000000000
1411	0.918150981
1412	2.091532480
1413	0.542486350
1415	0.837022952
1417	0.959655242
1418	1.428489893
1419	5.854889711
1420	1.127839085
1421	0.149121062
1423	0.369690699
1424	0.556829070
1425	1.145657435
1426	0.753602551
1427	1.431169652
1429	2.912346378
1430	0.000000000
1431	99.999999999
1432	1.069506499
1435	2.543509096
1436	0.959118621
1438	1.195683861
1439	1.100970054
1441	0.613161922
1442	0.983822555
1443	0.159526277
1444	0.262681887
1448	0.987687706
1449	0.580443763
1450	0.655649633
1453	1.063293981
1454	0.431711239
1455	0.507136695
1456	0.844587888
1457	0.787889588
1459	0.287319523
1460	0.149927803
1461	1.217398376
1462	2.176725931
1463	0.732582250
1465	1.043667916
1466	0.882471923
1467	0.253918029
1468	1.157731512
1469	1.352016211
1471	0.427874460
1472	1.258452411
1473	0.366509178
1474	0.434854401
1477	0.674209814
1478	0.530813348
1479	1.207233706
1480	0.304940781
1481	0.766492281
1483	0.202175935
1484	1.001267729
1485	0.249648789
1486	0.566883225
1487	0.175914368
1489	0.463031520
1490	0.885678867
1491	0.668372250
1492	0.570547943
1493	1.116482849
1495	0.000000000
1496	1.297663608
1497	0.596217326
1498	1.951163371
1499	0.132530851
1501	0.744135745
1502	0.767838504
1503	0.708765968
1504	0.496291286
1505	0.000000000
1507	0.233214534
1508	0.928260061
1509	0.442372937
1510	0.485966327
1511	0.602008078
1513	0.477669181
1514	1.187894113
1515	1.738594035
1516	0.594101810
1517	0.000000000
1519	1.298300892
1520	0.824196164
1521	2.445274450
1522	0.735390667
1526	1.552976213
1528	1.407375120
1529	0.000000000
1531	0.470012744
1532	0.829721909
1533	0.921551881
1535	0.000000000
1537	0.739945173
1538	1.229249298
1539	2.298852951
1540	0.795312113
1541	0.000000000
1543	0.793142132
1544	0.486639501
1545	0.257777095
1546	0.461498839
1548	0.000000000
1549	1.029144927
1550	1.586455458
1551	1.339307576
1552	0.743130345
1553	0.559548298
1554	0.000000000
1556	1.410449764
1557	0.242373343
1558	0.488917453
1559	0.000000000
1560	0.000000000
1561	3.631278574
1562	0.959989289
1563	1.312435565
1565	0.987248515
1566	0.000000000
1568	1.027677081
1569	0.599832907
1570	0.546164122
1571	1.626505037
1572	0.000000000
1573	1.433343130
1574	0.326817629
1575	0.711369632
1577	0.245753742
1579	0.796910071
1580	0.000000000
1581	0.603875023
1582	0.210865972
1583	0.886534507
1584	0.000000000
1585	0.856898996
1587	0.193420203
1588	0.372074076
1589	1.114739217
1590	0.000000000
1591	0.000000000
1592	0.628792747
1593	3.682203103
1595	0.586479384
1597	3.292113693
1600	0.000000000
1601	0.000000000
1602	0.000000000
1603	0.755356108
1604	1.252366228
1606	0.570284615
1608	0.000000000
1611	0.213473600
1612	1.014796800
1613	0.257010165
1614	0.000000000
1615	0.662889600
1617	0.280779988
1618	0.215106398
1619	0.414843283
1620	0.000000000
1621	0.923207813
1622	0.535665298
1623	0.107311080
1624	0.000000000
1625	0.414359566
1627	0.000000000
1628	0.000000000
1629	0.217865489
1631	0.314175934
1632	0.000000000
1633	0.373935871
1634	0.241230103
1636	0.209985301
1638	0.000000000
1639	0.611368674
1640	0.674223798
1641	0.203067207
1642	0.910770074
1643	0.819500676
1645	0.681775002
1646	1.290512607
1648	0.143267748
1649	0.711103573
1652	0.306858858
1653	3.798944174
1655	0.199582893
1656	0.000000000
1657	2.616477729
1659	0.328378699
1660	0.307734229
1661	0.000000000
1663	0.299384079
1664	0.170914769
1665	0.175493721
1666	0.158573547
1667	0.604429938
1668	0.000000000
1670	0.000000000
1672	0.306130305
1673	0.376084678
1674	0.000000000
1676	0.000000000
1677	0.184721472
1678	0.413029329
1679	0.301703416
1680	0.000000000
1681	0.380396696
1682	0.677501184
1683	0.231405116
1685	0.476927651
1686	0.000000000
1687	0.000000000
1688	0.690217605
1689	0.537181076
1690	0.684423907
1691	0.799917260
1692	0.000000000
1693	0.463687620
1694	0.825342537
1695	0.299422735
1696	0.133863452
1697	0.000000000
1698	0.000000000
1699	1.056591802
1700	0.517781552
1701	0.305512355
1702	0.452468831
1703	0.656788039
1705	1.115754757
1706	1.743996794
1707	0.305762952
1711	0.929998880
1712	0.000595448
1713	0.318093160
1714	1.333372012
1715	0.785634637
1717	0.812584770
1718	0.722128309
1719	1.199518686
1720	0.248843699
1721	0.368796279
1723	0.622065512
1724	1.981076788
1725	1.349121964
1726	0.355383558
1727	0.435317451
1729	0.398905472
1731	0.063694013
1732	0.772077584
1733	0.202924496
1735	0.771175700
1736	0.694337875
1737	0.589437738
1738	2.185911312
1739	1.105224967
1741	1.006250935
1742	0.575057172
1743	0.883378591
1744	0.959652923
1747	1.126229762
1748	0.575693327
1750	1.146203720
1751	0.496449978
1753	0.533952547
1755	0.912383286
1756	1.450310801
1757	6.122228491
1759	0.554546254
1760	1.451882461
1761	0.193306346
1765	0.288445397
1766	1.217398590
1767	0.662301630
1768	0.407301091
1769	2.739729653
1772	0.295410418
1773	0.265043489
1774	0.822023964
1775	0.550576325
1777	1.355546820
1778	0.293627088
1779	0.383013648
1781	0.987040910
1783	0.790008350
1784	0.400231383
1785	0.475021159
1786	0.545547438
1787	0.779052000
1789	1.571281207
1790	0.894020924
1791	1.088267781
1792	1.021368962
1795	0.612782403
1796	0.546426855
1797	0.267627519
1798	1.017359507
1801	0.868376758
1802	0.856818208
1803	40.828915360
1804	1.094733702
1807	0.655451177
1808	0.356073668
1809	0.729571723
1810	1.456286801
1811	0.000000000
1814	0.422902049
1815	0.743080327
1816	0.351484759
1817	0.000000000
1819	1.117589992
1820	0.435991511
1821	0.797970879
1822	1.097069114
1823	0.000000000
1825	0.395426910
1826	5.058669999
1827	0.682639123
1828	0.430256766
1832	1.503532972
1834	0.920321911
1836	0.000000000
1837	0.740609210
1838	1.159831613
1839	0.781001150
1840	0.423930219
1841	0.099481564
1842	0.000000000
1844	0.000000000
1845	0.203402184
1846	0.929667335
1847	0.340433053
1848	0.000000000
1849	0.413097309
1850	0.717653837
1852	0.465750661
1853	0.194700534
1854	0.000000000
1855	0.000000000
1856	0.766177350
1857	3.222270170
1859	0.229467512
1861	3.126619747
1862	1.570627790
1863	0.000000000
1865	0.821425200
1868	0.897233575
1869	0.116519791
1870	0.798917956
1871	0.271694166
1872	0.000000000
1874	0.000000000
1875	0.466697598
1876	0.710947597
1877	0.965049224
1878	0.000000000
1880	0.080878301
1881	0.542098564
1882	0.926302695
1883	0.621069329
1886	0.255366065
1887	0.521075444
1888	0.000000000
1889	0.466655651
1890	0.000000000
1891	0.396369145
1892	0.295738875
1893	0.413428580
1894	0.461685104
1895	0.389942569
1898	0.000000000
1899	0.302091869
1900	0.000000000
1901	0.905071692
1902	0.000000000
1903	0.063381803
1904	1.227925345
1906	0.727406778
1907	0.000000000
1909	0.239610713
1910	0.593933859
1911	0.149750388
1912	0.346619670
1913	0.125227244
1914	0.000000000
1915	0.338965284
1917	0.276466258
1918	0.287973208
1919	0.000000000
1921	0.112544202
1922	0.263616014
1923	0.084288703
1924	0.175696572
1925	0.147004341
1926	0.005040064
1927	1.405483621
1928	1.103511424
1929	0.431579829
1930	0.322884900
1933	0.348577398
1934	0.179840910
1935	0.361356952
1936	0.384890632
1937	0.000000000
1939	0.325019539
1940	0.504520609
1941	0.064079538
1942	0.326158969
1945	0.246735699
1946	0.490025609
1947	0.311497392
1948	0.000000000
1949	0.000000000
1953	0.759547517
1955	0.000000000
1957	0.316305500
1958	1.069191994
1959	0.380716528
1961	0.000000000
1963	0.390001639
1965	0.509721704
1966	0.406105961
1967	0.477509007
1968	0.000000000
1969	0.143948353
1970	0.265349441
1971	0.123968388
1972	0.486257874
1973	0.000000000
1975	0.625647529
1977	0.406499760
1978	1.156482583
1979	1.086686268
1980	0.000000000
1981	0.217198562
1982	0.212037202
1983	0.325510679
1985	0.000000000
1987	0.427814855
1988	0.413516667
1989	0.657706417
1993	0.593905601
1994	2.468302399
1995	1.194534830
1996	0.727828592
1999	2.514737751
2001	0.566922266
2002	1.484862177
2005	3.719359567
2006	0.857354777
2007	0.046636352
2008	0.944912479
2012	0.708959812
2014	2.376631622
2015	1.724501912
2017	0.443868812
2018	0.205610015
2019	0.609497132
2020	0.659604813
2021	0.114588924
2023	1.083912892
2024	0.492215897
2025	0.554438445
2026	3.013646880
2030	1.553631230
2031	0.938674943
2032	0.830360937
2035	0.377278881
2036	1.128499483
2037	0.903013133
2041	0.892222738
2042	0.517814119
2043	0.762316887
2044	0.860122773
2047	0.482620580
2048	0.273974517
2049	0.720925477
2050	0.239147698
2053	0.550758601
2054	0.155293024
2055	0.473214756
2056	0.253775228
2059	1.216775005
2061	1.339867018
2062	2.931161219
2065	3.504998662
2066	0.811320268
2067	0.407931793
2068	0.328389381
2071	1.271287882
2072	0.909844062
2073	1.354585133
2074	0.751014099
2077	0.562634324
2078	0.579603756
2079	0.887409617
2080	1.882230843
2083	0.504039831
2085	11.986197390
2086	0.336727532
2090	1.133658465
2091	0.990667847
2095	1.772485442
2096	0.758038724
2097	1.469834357
2098	1.647739235
2101	0.177234278
2102	0.931476129
2107	0.919248549
2109	0.474126472
2113	0.674052210
2114	1.294638604
2115	1.494810269
2116	0.408512670
2119	0.679954194
2121	0.647040582
2122	0.779102770
2123	0.000000000
2125	25.919593910
2127	0.171439413
2128	0.694924512
2129	0.000000000
2131	0.000000000
2133	0.356025715
2134	0.089722405
2135	0.000000000
2137	0.858336192
2139	0.661758464
2140	1.415493088
2141	0.000000000
2143	1.215750102
2144	2.787408228
2145	0.235644775
2146	0.513033594
2147	0.000000000
2149	1.441511656
2150	1.363967099
2151	1.239247743
2152	0.708962229
2155	0.891251415
2156	0.470872414
2157	0.579677097
2159	0.000000000
2161	3.130802621
2163	0.506581255
2164	1.368516757
2165	0.000000000
2167	1.082042998
2169	0.628074543
2170	0.576257202
2171	0.000000000
2173	0.888925229
2174	0.278051485
2175	0.419913310
2176	0.874589266
2177	0.000000000
2179	0.648565868
2180	0.670136736
2181	0.000000000
2183	0.000000000
2186	0.427067963
2187	3.262818605
2188	0.202315803
2191	0.572997064
2192	0.585003993
2194	0.475207010
2195	0.000000000
2198	0.460626084
2200	0.443417905
2201	0.000000000
2203	1.534677403
2204	0.481210575
2205	0.129528917
2206	0.388326663
2207	0.000000000
2210	0.375852737
2211	0.000000000
2212	0.186803264
2213	0.000000000
2215	2.340129898
2216	0.494811617
2218	0.853007154
2221	0.538810268
2223	0.195093768
2227	0.420148361
2228	0.267325668
2229	3.115730359
2230	0.663123367
2231	0.000000000
2233	0.340416242
2235	0.153565778
2236	0.324097086
2237	0.000000000
2239	0.451266212
2242	0.716082295
2243	0.000000000
2245	0.270155677
2246	0.644689513
2247	0.093040468
2248	0.962944050
2249	0.000000000
2251	0.340880891
2252	0.504074152
2253	0.102555022
2254	1.908247434
2255	0.000000000
2257	0.577423767
2259	0.000000000
2261	0.000000000
2266	0.023512690
2267	0.000000000
2269	0.309097377
2270	0.672985092
2271	0.068191077
2273	0.000000000
2276	1.052703329
2277	0.431564485
2278	0.556521145
2281	1.654713663
2282	0.601045586
2283	9.145559690
2284	2.305447411
2287	0.818356138
2288	0.469671020
2289	0.945963965
2290	0.704939324
2293	0.530033091
2294	0.878804475
2295	0.880352825
2296	0.606580708
2299	0.359036172
2300	0.602194898
2301	0.655765063
2302	1.843926204
2305	0.381317280
2306	1.202193814
2307	0.374267654
2308	0.302595121
2309	0.468145518
2310	0.540682169
2311	0.267091142
2312	0.182934912
2313	1.568907916
2314	1.109523837
2316	0.642189687
2317	0.791620485
2318	0.377404114
2319	1.229320083
2320	1.478697091
2321	0.997913245
2323	0.188759386
2324	0.439486502
2325	1.200701545
2326	0.000000000
2327	0.503371146
2328	0.770995434
2329	0.866957504
2330	0.238824854
2331	0.317460161
2332	0.579828150
2333	1.102467272
2334	0.202749249
2335	0.511716759
2336	0.472165802
2337	0.715272088
2339	1.451228562
2340	0.904522444
2341	0.843043578
2342	0.424889368
2343	1.451859327
2344	1.201725468
2345	1.230271968
2348	0.325706987
2349	0.622454488
2350	0.922158997
2353	1.621628667
2354	0.245271821
2355	0.339362504
2356	1.301970740
2357	0.700314594
2359	0.146836366
2360	2.569389850
2361	1.059902947
2362	1.100162397
2365	1.230483745
2366	3.524311154
2367	0.567004040
2368	0.422797169
2371	3.185530757
2372	0.478005355
2373	0.378464350
2374	0.297438845
2375	0.358477164
2376	2.219891513
2377	0.166795201
2378	2.267850230
2379	0.000000000
2383	2.466404600
2384	0.479987415
2385	0.625044034
2386	0.577265466
2387	0.511501003
2389	0.627337248
2390	1.082197309
2391	0.425467974
2392	1.563494248
2395	2.045378622
2396	0.871954424
2397	0.885195561
2398	26.376477110
2399	0.046783559
2401	1.737956800
2402	0.811949911
2403	1.001612729
2404	1.111754372
2405	0.264858518
2407	0.628849771
2408	0.671621904
2409	0.688751511
2410	0.722636779
2412	0.130513574
2413	0.780719113
2414	0.613489348
2415	1.407939904
2416	0.797112941
2417	0.511462644
2418	0.000000000
2419	2.302040026
2420	0.822609495
2421	0.450139514
2422	1.010732525
2423	1.199148509
2424	0.427241314
2425	2.632101104
2426	0.408016602
2427	0.875198183
2428	0.486895124
2429	0.941295208
2430	0.291793358
2431	0.000000000
2433	0.257513669
2434	0.128474085
2435	1.607568463
2437	0.000000000
2438	1.531620347
2439	1.206350599
2441	1.766149720
2443	0.394059720
2445	1.302150701
2446	0.141499305
2447	0.083950060
2448	0.507003282
2449	0.316634935
2451	0.348178182
2452	0.218855584
2453	0.546087166
2455	0.325303981
2456	0.481922850
2457	0.648243485
2458	0.533617603
2460	0.540671457
2461	0.394769005
2462	0.000000000
2463	3.604128453
2464	0.378360937
2466	0.307385970
2467	0.344664067
2468	0.181443668
2469	0.487298940
2470	0.181138362
2471	0.000000000
2472	2.271907394
2473	0.285722636
2474	1.624943715
2476	0.305223797
2477	0.475375577
2478	0.189017555
2480	0.180677787
2481	0.167038884
2482	0.421890674
2483	1.057008601
2484	0.447289659
2485	0.412386392
2486	0.402121189
2487	0.228754955
2488	0.343918988
2489	0.619088638
2490	0.522596471
2491	0.424215359
2492	0.000000000
2493	1.112095690
2494	8.700105386
2496	0.525648451
2497	0.308649147
2499	0.000000000
2500	0.000000000
2501	0.572641871
2502	0.000000000
2503	0.293863782
2504	0.558075835
2505	0.417505016
2506	0.775626104
2507	1.051238564
2509	0.000000000
2510	0.183753794
2511	0.773118232
2512	0.000000000
2513	0.678067670
2514	0.021235787
2515	0.305419558
2516	13.275879190
2518	0.457764785
2519	0.518131736
2520	0.048664067
2521	0.521272766
2522	0.148773358
2523	0.560447019
2524	0.200616954
2525	0.758296868
2526	0.411135434
2527	0.366515727
2529	0.452838908
2530	0.324365870
2531	0.410673598
2532	0.000000000
2534	0.112477167
2535	0.303704730
2538	0.149410488
2539	0.138849394
2540	0.311480975
2541	0.443344702
2542	0.529491597
2545	0.028989722
2547	0.000000000
2548	0.195252020
2549	0.474363778
2550	0.000000000
2552	0.480152566
2554	0.715818116
2555	0.059252960
2556	0.000000000
2557	0.232583177
2559	0.178899521
2560	0.189602526
2561	0.272177845
2562	0.000000000
2563	1.208579391
2564	0.706286502
2565	0.000000000
2566	1.293641425
2567	1.552176326
2569	0.312053881
2570	5.516429347
2571	1.537098555
2572	1.781069833
2573	0.823808873
2575	0.841568718
2576	1.021096370
2577	3.473976762
2578	1.291204884
2579	0.674447414
2580	0.418104438
2581	0.392591342
2582	1.340387759
2583	0.446219704
2584	1.009663365
2586	1.827424588
2587	0.276793674
2588	0.644499930
2589	0.316696055
2590	1.172508125
2592	0.729061176
2593	0.300212276
2594	0.498524108
2595	0.529380101
2596	0.191681058
2597	0.856623138
2600	0.588400792
2601	0.316121396
2602	0.543116254
2603	0.836321615
2605	2.207466207
2606	0.544592595
2607	0.734266722
2609	1.224045260
2611	1.622226403
2612	0.579676790
2613	0.997632559
2614	0.699851113
2617	0.837816513
2618	0.795764852
2619	0.588021201
2620	0.000000000
2621	0.828193343
2623	1.121203108
2624	1.009307026
2625	1.741477570
2627	0.142674400
2629	0.362878774
2630	0.133141783
2631	0.669375166
2632	0.542153988
2633	1.117040721
2635	0.696912446
2636	1.947894250
2637	2.297652048
2639	0.671642955
2641	0.639216393
2642	0.412051276
2644	0.458824045
2645	0.986412087
2647	0.531538110
2648	0.653429486
2649	1.044845777
2650	1.023604507
2651	0.555838583
2653	6.359201715
2654	0.882065038
2655	0.856625517
2656	0.635379611
2657	0.616184123
2659	0.139139308
2660	0.518253308
2661	0.115583155
2662	1.275744650
2663	0.166576793
2665	23.187478720
2666	1.178482883
2667	1.686642874
2668	1.026921355
2669	0.969737385
2671	1.529424988
2672	0.475295019
2673	0.355566095
2674	0.390881393
2677	22.727863140
2678	0.536960874
2679	0.401417490
2680	0.382215747
2681	0.432823662
2683	0.904506894
2684	0.238294835
2685	1.014784491
2686	0.382574356
2687	0.429038191
2689	26.596305190
2690	0.475635863
2691	0.000000000
2692	2.477169132
2693	0.767369212
2696	1.421714260
2697	0.602642537
2698	0.436090105
2699	0.442121121
2701	0.676853642
2702	0.267372980
2703	0.224729463
2704	0.741623773
2705	0.261102644
2706	0.583969218
2708	2.753392880
2709	15.889799370
2711	0.888784789
2712	0.000000000
2713	0.495832091
2715	0.261155449
2716	0.662087674
2717	0.934035974
2718	0.179140094
2719	0.362228628
2720	0.000000000
2721	14.607524770
2723	0.400702291
2724	0.395827435
2725	0.395724301
2726	0.631788184
2727	0.912407115
2728	0.587586602
2729	0.892711789
2731	0.425110007
2732	0.338727649
2734	0.405810241
2735	0.337371110
2736	0.000000000
2738	0.216716930
2739	0.274543268
2740	1.399240699
2742	0.254278914
2743	0.299885841
2744	0.186712934
2745	0.476135293
2746	0.431370506
2747	0.238666621
2748	0.000000000
2750	0.253363279
2751	0.165824441
2755	0.578399121
2756	0.248769364
2757	0.610471902
2758	2.652854078
2759	0.138017180
2760	0.398659882
2763	0.047692863
2764	0.179502529
2765	0.788426802
2767	0.508433139
2768	6.460817701
2769	0.349806578
2770	0.147532805
2771	0.403213484
2772	0.191320343
2773	0.470166115
2774	0.547475443
2775	0.000000000
2776	0.183239201
2777	1.833803579
2779	0.509399525
2780	0.929879184
2781	0.172456679
2782	0.362246596
2786	0.712155656
2787	0.491969040
2789	1.243489115
2790	0.000000000
2791	0.888645251
2792	1.304307895
2793	1.146501205
2795	1.806162895
2797	0.621195514
2798	0.518127454
2799	0.595602883
2800	0.267688687
2801	0.710813633
2802	0.323509348
2803	0.739030631
2804	0.403329331
2807	0.597843975
2808	0.661827345
2809	0.367416541
2810	4.528914450
2811	0.199845165
2812	0.443741751
2813	0.000000000
2814	0.238349729
2816	0.489018806
2817	0.650218408
2818	0.237789449
2819	0.388302154
2820	0.162462784
2821	0.409641473
2822	0.701371119
2823	0.512601232
2824	0.352532612
2825	0.182708908
2826	0.000000000
2827	0.000000000
2828	0.530572257
2829	0.700117842
2830	0.324741844
2831	0.279659695
2832	0.000000000
2835	0.534443995
2836	0.381837176
2837	0.149150329
2838	0.000000000
2840	0.545301117
2842	0.300042437
2843	0.196534826
2848	0.188155723
2850	0.000000000
2851	1.852244872
2852	0.734028421
2853	0.996291981
2854	1.424231318
2855	0.530906274
2857	2.259981941
2859	1.028774738
2860	0.890651677
2861	1.356341084
2863	0.889637226
2864	0.578079045
2865	0.000000000
2866	0.823825475
2867	1.629471751
2869	52.334063590
2870	0.311515011
2871	0.472026360
2872	0.119407971
2873	7.033925129
2875	0.635135428
2877	1.344953781
2878	1.417676245
2879	1.238824261
2881	41.268459930
2882	0.000000000
2883	0.000000000
2884	0.000000000
2885	0.162015424
2887	0.657879537
2888	0.658494778
2889	0.651849269
2890	0.618070086
2891	10.285983200
2894	0.548884877
2895	0.819362696
2896	0.401516367
2897	0.795962963
2899	1.165880564
2900	0.754829298
2901	0.473768008
2902	0.830724934
2903	0.383878428
2905	0.896149292
2906	0.575110072
2908	0.358112565
2909	0.222037501
2911	0.324026209
2912	1.578533867
2913	0.288700331
2914	1.023661156
2915	0.427284047
2917	0.000000000
2918	1.065320869
2919	0.971868827
2920	0.931821595
2921	1.136489959
2923	0.799053846
2924	0.667919757
2925	0.395015150
2926	0.691271591
2927	1.755179124
2929	0.104911737
2930	0.767349835
2931	0.579594291
2933	0.307898864
2935	0.964295158
2936	0.183281641
2937	1.396827350
2938	0.741448999
2939	0.530292982
2941	0.689589762
2943	0.449727181
2944	0.394169879
2947	0.525504600
2948	1.129698344
2949	0.683414915
2950	0.334549258
2951	0.493361022
2953	0.923517161
2954	0.694742274
2955	0.000000000
2956	11.760336660
2957	1.265338397
2959	0.000000000
2960	0.575640596
2961	0.691134848
2962	0.572633669
2963	5.747814792
2965	0.631549611
2966	1.006420574
2967	0.271977385
2968	0.691895130
2969	0.410410077
2971	1.192363687
2972	1.028935472
2974	1.069893376
2975	0.410811673
2977	0.463506991
2978	0.347267757
2979	0.881279928
2980	0.601455829
2981	0.379775801
2985	0.669174646
2986	0.122879059
2987	1.004102813
2988	0.000000000
2989	16.297517960
2991	0.347505274
2992	0.084121032
2993	0.000000000
2994	0.000000000
2995	0.517164760
2996	0.840742360
2997	0.518757051
2998	0.000000000
2999	1.149054116
3000	0.000000000
3002	0.476355993
3003	0.408706875
3004	0.170823718
3005	0.268180839
3006	0.000000000
3007	0.417542531
3008	0.705057943
3009	0.550513436
3010	0.049457099
3013	1.347861976
3015	0.640884937
3016	1.044967503
3017	1.423410083
3019	0.340909092
3020	0.555988514
3021	0.135808150
3022	0.089875664
3023	0.209273113
3025	0.328019550
3026	1.879613081
3027	0.690191867
3029	0.151131322
3030	0.000000000
3032	1.835676117
3033	0.355781364
3035	0.307943633
3036	0.000000000
3037	0.414574622
3038	0.631350258
3039	0.754103660
3041	1.386994706
3042	0.000000000
3043	0.346403313
3044	0.624404499
3045	0.351317898
3047	0.299941570
3048	0.000000000
3049	0.299605599
3051	0.540859039
3052	0.228984896
3053	0.652105288
3054	0.000000000
3055	0.000000000
3056	0.661017589
3057	0.175448338
3062	0.755143904
3064	0.251299144
3065	0.000000000
3066	0.000000000
3067	0.656800322
3068	1.442860323
3070	0.151492010
3071	0.823029718
3073	1.265080182
3074	1.059240726
3075	0.974437416
3076	0.778058525
3078	0.000000000
3079	12.498566130
3080	0.390725862
3081	0.837632378
3082	2.473169266
3083	0.500009246
3085	0.887125041
3086	0.931173203
3088	0.275182557
3089	1.029224791
3090	0.000000000
3091	0.325708583
3092	0.516914981
3093	0.473538346
3094	0.000000000
3096	0.000000000
3098	0.980980015
3099	11.053995400
3100	0.344696930
3101	0.845120239
3102	0.000000000
3103	0.507676700
3104	0.471127816
3106	0.140889764
3107	0.653136844
3108	0.000000000
3110	0.647715340
3111	0.283719219
3112	0.259599201
3113	0.289896410
3114	0.000000000
3115	0.725342709
3119	0.495991289
3120	0.000000000
3121	0.312073016
3122	0.735880402
3123	0.609916741
3124	0.260173891
3125	0.347472556
3127	0.219656946
3128	0.367008370
3129	0.000000000
3130	0.121164165
3131	0.750441164
3132	0.000000000
3133	0.278893552
3135	0.283621800
3136	0.107972917
3137	0.495031706
3138	0.000000000
3139	3.103394020
3140	0.762434786
3141	1.165450883
3142	1.704615411
3143	1.358668893
3145	14.779536820
3146	0.000000000
3147	0.563813059
3148	1.165069401
3149	1.705922708
3151	1.532202333
3152	0.576206632
3153	0.975470947
3154	0.534149609
3157	2.192742382
3158	0.756157425
3159	0.701530258
3160	0.752733648
3161	1.175809722
3163	1.419428909
3164	1.809404773
3166	1.258761798
3167	0.529423092
3170	3.165640280
3171	1.033700746
3172	0.230434004
3173	0.087533810
3175	1.259265473
3176	0.734139748
3177	2.054515576
3178	0.487046993
3179	1.073783860
3181	0.754568187
3182	1.734632750
3183	0.882267545
3185	1.024710495
3187	1.539934066
3188	0.796384902
3189	0.727419386
3190	3.032611658
3191	0.732134861
3193	0.517626145
3194	0.585387845
3195	0.392474271
3196	0.298089699
3199	0.325789775
3200	1.347635049
3203	1.065206213
3205	0.935549363
3206	0.844868687
3207	2.193451649
3208	0.579174624
3209	0.365658625
3211	0.546825643
3212	0.269497442
3213	0.000000000
3214	0.000000000
3215	63.638449040
3217	1.511353905
3218	0.298835774
3219	1.186643131
3223	2.840615204
3224	1.163795722
3225	0.955423103
3226	0.724535243
3227	0.473969108
3229	1.636693376
3231	0.716840364
3233	0.813722807
3235	0.430274016
3236	1.567875016
3237	0.193767269
3238	0.341181446
3239	0.661959834
3241	0.688128959
3242	1.539620186
3243	0.858292433
3244	0.396763350
3245	0.364404002
3247	1.199259720
3249	0.473077563
3250	0.691825711
3251	0.597367486
3253	1.263513329
3254	2.054539335
3255	0.205486238
3256	0.160394813
3257	1.772344897
3259	1.089670505
3260	0.826437290
3261	1.037764784
3262	3.135944586
3263	0.493888402
3265	0.832722888
3266	1.155001066
3267	0.822564414
3268	0.211457804
3269	1.231181040
3271	0.772049280
3272	0.655238924
3273	0.539192566
3274	0.258034970
3275	0.340588520
3276	0.000000000
3277	0.776073053
3279	1.165976170
3280	0.179039795
3281	0.467133854
3282	0.000000000
3283	0.634672522
3284	0.615358443
3286	0.249656983
3287	0.000000000
3288	0.000000000
3289	0.523756162
3292	0.276135831
3293	0.674313520
3294	0.000000000
3295	0.702196960
3297	0.363366715
3298	0.643367819
3300	0.000000000
3303	0.875924535
3304	0.736368057
3307	0.509452312
3308	0.233995916
3309	0.169920264
3310	0.234330646
3311	0.288116503
3312	0.000000000
3313	0.703898774
3314	0.468558693
3315	0.346595213
3316	0.105089269
3317	0.375404229
3318	0.000000000
3319	0.943068915
3320	0.779829021
3322	0.198326110
3323	0.253325999
3324	0.000000000
3325	0.431277855
3326	0.000000000
3327	0.934987881
3328	0.100463210
3329	0.416329018
3330	0.000000000
3331	0.500249971
3332	0.596057420
3336	0.000000000
3337	0.760376091
3338	0.450401115
3339	0.470674881
3340	0.065170956
3341	0.842922108
3342	0.000000000
3343	0.757096951
3344	0.466874120
3346	0.556457902
3347	0.370990278
3348	0.000000000
3349	1.035748715
3351	0.448186568
3352	0.100609992
3354	0.021375048
3356	20.154374070
3358	0.080444216
3359	0.429826051
3361	0.821380653
3362	1.002045576
3363	0.713739427
3364	0.331448341
3365	0.309409824
3367	0.451901567
3368	1.724721407
3369	1.489114105
3370	1.694344436
3371	0.808114214
3373	1.850354132
3374	1.163186393
3379	0.487584636
3380	0.426988556
3381	0.000000000
3382	0.176022093
3383	0.486230991
3384	0.000000000
3385	0.336584765
3386	0.519561063
3387	1.093619791
3389	0.285059883
3390	0.000000000
3392	0.280606574
3393	0.000000000
3394	0.159687843
3395	0.174574992
3398	0.693343375
3399	0.897871991
3400	0.304639488
3401	0.000000000
3404	0.000000000
3405	0.000000000
3406	0.264548384
3407	0.284088500
3408	0.000000000
3409	0.585361593
3410	1.118360857
3411	0.299910059
3412	0.616144592
3413	0.837323677
3415	0.415952551
3416	0.262008512
3417	0.000000000
3418	0.172736626
3419	0.157825873
3420	0.000000000
3421	0.398097528
3422	0.000000000
3423	0.138643749
3424	0.145275481
3425	0.267835589
3426	0.000000000
3427	0.484124197
3428	1.164044769
3429	0.563352331
3430	0.405723792
3431	0.454562808
3434	0.703545494
3435	0.603171791
3436	0.218273944
3437	0.563982872
3439	0.932472889
3440	0.831167944
3441	1.523010339
3442	0.864502343
3443	0.481655354
3445	1.231583109
3446	1.338751504
3447	1.585131743
3448	1.510695968
3451	1.156712986
3452	3.364091333
3453	1.413540731
3454	1.046363379
3455	0.845568528
3457	0.787320382
3458	0.428699806
3459	0.515856707
3460	0.403745277
3461	0.100557197
3463	0.367147440
3464	0.694779577
3465	3.504732839
3466	6.316622513
3469	0.723673137
3470	0.280247631
3471	0.931150170
3472	0.629569329
3473	0.283665236
3476	0.893960873
3477	1.071227563
3478	0.268084197
3479	0.609567004
3481	0.531389295
3482	0.386347468
3483	0.110458301
3484	0.317645466
3485	0.336484567
3487	0.532711932
3488	1.341289392
3489	0.842871336
3491	1.314613134
3493	0.269633557
3494	1.267427442
3495	0.865394579
3496	0.436037469
3497	0.894439260
3499	57.455010070
3500	0.207050576
3501	0.119395741
3502	0.000000000
3503	4.165815550
3505	0.542390865
3506	0.520534030
3507	0.588890161
3508	0.180496948
3509	0.179193237
3511	0.680191519
3512	0.590167913
3513	0.418486397
3514	0.335266170
3515	9.485824943
3517	0.000000000
3518	0.718376658
3519	1.230110415
3520	0.762034153
3521	0.388590251
3523	0.453488827
3524	1.722069004
3525	0.246193056
3526	0.700798549
3527	0.581064251
3529	31.818665490
3530	0.307827076
3531	2.082945441
3532	0.375047623
3533	2.699560696
3535	1.101738058
3536	0.954745994
3537	1.227933454
3538	0.432194856
3542	0.775043678
3543	1.381182620
3544	0.462734237
3545	0.733900015
3547	0.488452945
3548	1.503022679
3549	0.742111169
3553	4.455073234
3554	0.000000000
3555	0.000000000
3556	0.292526939
3557	57.299733620
3560	1.038635212
3561	0.649694417
3562	0.627603653
3564	0.000000000
3568	0.129444727
3569	0.280437190
3570	0.000000000
3571	0.991554913
3572	1.114202983
3574	0.136565275
3575	0.186724597
3577	0.396754158
3579	0.392471392
3580	0.000000000
3581	0.008647359
3582	0.000000000
3583	0.982079053
3584	0.519688923
3585	0.382431238
3586	0.190146967
3587	0.000000000
3588	0.000000000
3589	1.007958243
3590	0.923164128
3592	0.545458449
3593	0.641698413
3595	1.195006437
3596	0.931148744
3597	0.172006444
3598	0.251199996
3600	0.000000000
3601	1.401509902
3602	1.910642623
3603	0.862586325
3604	0.176252824
3606	0.000000000
3608	1.709938157
3609	0.194785174
3611	0.612002550
3612	0.000000000
3613	1.104302318
3614	0.544426704
3615	0.510105573
3616	0.258832925
3617	0.629216593
3618	0.000000000
3621	0.355706694
3622	0.322706539
3623	0.000000000
3624	0.000000000
3626	1.101736206
3627	0.212019217
3628	0.408331648
3629	0.639767682
3630	0.000000000
3631	2.241144825
3633	0.079774326
3634	0.002141733
3635	0.253103747
3637	0.527312040
3638	1.020847252
3640	0.326492718
3641	0.356338244
3642	0.000000000
3643	1.039220208
3644	0.970795837
3645	0.000000000
3646	0.557701767
3647	1.532996696
3648	0.000000000
3649	1.148320905
3650	0.450400814
3651	0.377395332
3652	0.000000000
3653	0.000000000
3654	0.000000000
3655	0.722014018
3656	23.028043710
3658	0.610377565
3659	0.724600371
3662	1.128378883
3664	0.487484924
3665	0.933761933
3666	0.000000000
3667	0.582483101
3669	0.565164114
3670	0.230205627
3671	0.254238276
3674	0.636982916
3675	0.658203303
3676	0.227245508
3678	0.000000000
3680	0.516266302
3681	0.143351143
3682	0.591451381
3684	0.000000000
3686	1.383292462
3687	0.553925744
3688	0.630889059
3691	0.266692139
3692	0.672653949
3693	0.681019312
3694	0.407869839
3695	0.773644990
3696	0.000000000
3698	1.097075430
3699	0.797680244
3700	0.610311181
3701	0.607611407
3702	0.000000000
3705	0.184509887
3707	0.660978961
3708	0.000000000
3709	0.396736527
3710	1.593066466
3711	0.263636056
3712	0.298520393
3713	0.243919833
3714	0.000000000
3715	0.699636003
3716	0.820591061
3718	0.344370516
3719	1.346456613
3721	1.108935358
3722	1.548476963
3723	1.018326970
3724	0.165613219
3725	3.247860779
3727	0.000000000
3728	0.483790092
3729	1.084268309
3730	0.813971655
3731	0.528394075
3733	2.983575708
3734	0.866135565
3735	0.270284873
3736	0.640634659
3737	0.823205312
3739	0.833952918
3740	0.471856807
3741	0.801790367
3742	6.786955860
3743	0.170438902
3745	0.519008512
3746	0.224839144
3747	0.783717111
3748	0.363032495
3749	0.315996054
3751	1.020431557
3754	2.361069754
3755	1.097455274
3757	0.875690929
3758	0.494298149
3759	0.600778847
3760	0.378003895
3763	1.195731198
3764	0.674077318
3766	0.231628907
3767	0.654688048
3769	0.789843231
3771	0.083969740
3773	26.612465270
3775	0.486863474
3776	1.088620464
3777	0.545843816
3778	0.139470490
3779	1.095478441
3781	1.370817613
3782	1.932651575
3783	0.780482960
3785	0.379944622
3787	0.675365812
3788	0.451837206
3789	0.451766829
3790	0.056313799
3791	0.819412629
3794	0.000000000
3795	0.800679154
3796	0.661103242
3797	0.529290668
3799	0.655481365
3800	0.557133339
3801	0.500923057
3802	0.239978706
3803	0.937480570
3806	0.548564147
3807	0.788370765
3808	0.323146593
3809	0.267539216
3811	0.679769064
3813	0.187985497
3814	0.239134131
3815	0.000000000
3817	0.797220770
3818	0.187958187
3819	0.430909032
3820	0.410811144
3821	0.788612365
3823	0.647065391
3824	0.526871302
3825	4.815944030
3829	1.175589037
3830	0.769566247
3831	0.465514085
3832	0.244189931
3833	0.400985637
3835	0.793719735
3837	1.055933591
3838	0.599418407
3841	1.957635562
3842	0.409374474
3843	0.554046283
3844	0.435394517
3845	1.518136315
3848	0.979968494
3849	0.563833378
3852	0.000000000
3853	0.266130582
3854	2.742034549
3855	0.668990528
3856	0.059519763
3857	0.699333704
3859	0.910353507
3860	0.643778788
3861	0.277100380
3862	0.068409743
3863	0.348323877
3864	0.000000000
3865	1.593870203
3866	0.773159719
3867	0.132664399
3868	0.200284942
3870	0.000000000
3872	0.812527196
3873	0.389046707
3874	0.369788971
3875	0.280100610
3876	0.000000000
3877	1.059013422
3878	0.792021428
3880	0.547983132
3881	0.328006006
3883	0.727517621
3884	2.625231379
3885	0.884950178
3886	0.144792947
3887	0.378998021
3890	1.113419385
3891	0.484097381
3892	0.154718355
3893	0.498330042
3894	0.000000000
3896	0.722935871
3897	1.182522791
3898	0.233511150
3900	0.000000000
3902	0.440642150
3903	0.268483885
3904	0.146204407
3905	0.219892968
3907	1.026537432
3908	0.899248403
3909	0.539938811
3910	0.088513644
3911	0.389788930
3914	0.000000000
3915	0.770960843
3916	0.328241251
3917	0.507453737
3918	0.000000000
3921	0.482553256
3922	0.465102234
3923	0.619302094
3926	1.629792166
3928	0.387208569
3929	0.815903506
3930	0.000000000
3931	0.747496594
3933	0.536473529
3934	0.272171561
3936	0.000000000
3938	0.000000000
3939	0.133137157
3940	0.517588576
3941	0.628732772
3942	0.000000000
3943	1.098663539
3944	0.801436601
3945	0.263007710
3946	0.000000000
3947	1.407625053
3949	1.261313591
3950	0.649107560
3951	0.552423962
3952	0.241547054
3953	0.824236893
3954	0.000000000
3955	2.082103935
3956	0.000000000
3957	0.102803732
3958	0.351053167
3959	0.337820870
3960	0.000000000
3961	1.428436633
3963	0.114156505
3964	0.395031058
3965	0.000000000
3966	0.000000000
3968	0.426945470
3970	0.177337701
3974	0.454790215
3975	0.841355320
3977	4.533726306
3978	0.000000000
3979	0.864658819
3980	0.739849068
3981	0.182433364
3982	0.873570831
3983	0.000000000
3985	0.968119696
3986	0.716713536
3987	0.631938792
3989	0.518224806
3990	0.000000000
3992	0.697466858
3995	0.825403261
3996	0.000000000
3999	0.209401482
4000	0.089181599
4001	0.295077314
4002	0.000000000
4003	0.545469515
4004	0.977599357
4005	1.673728150
4006	0.287392166
4009	0.457634433
4010	0.537081502
4012	0.332333183
4013	0.658566692
4015	1.294962514
4016	0.948792034
4018	0.159953717
4021	0.658149958
4022	0.268619336
4023	0.807806472
4024	0.308613729
4025	0.612469695
4027	0.910184594
4028	0.591766812
4029	1.150200805
4030	2.609229120
4031	0.550529870
4034	0.406176619
4035	0.137212974
4036	0.284633157
4037	0.556903806
4039	2.518065677
4040	1.144360850
4041	0.681351792
4042	0.714632950
4043	0.445742062
4045	1.238781857
4046	0.701860902
4047	0.537806226
4048	0.573028491
4049	0.460274414
4051	0.297326884
4052	0.840428023
4053	0.930172181
4054	0.604710473
4055	0.754782515
4057	0.779042400
4058	1.182884630
4060	0.490802772
4061	0.118240509
4063	0.782665778
4064	1.328585514
4065	1.819587156
4066	0.843533970
4067	0.701920209
4069	0.627868426
4070	0.816928237
4071	0.576671747
4072	0.408995368
4073	0.967211934
4075	0.686644730
4076	0.357973685
4077	1.021975198
4078	0.596338120
4081	0.651384541
4082	1.563750381
4083	1.005407212
4084	0.390542794
4090	0.353680831
4091	1.614886861
4093	0.472525543
4094	0.396900180
4095	0.601094759
4096	0.478444878
4097	1.321477800
4099	0.193238352
4100	0.250949781
4102	0.275069132
4105	1.020270809
4107	0.248269561
4108	0.440931606
4109	0.335978260
4111	0.819272179
4112	1.542845697
4113	1.002857201
4114	4.805402034
4117	0.607596122
4119	0.375719318
4121	0.775055466
4123	0.185925137
4124	1.152480638
4125	21.532326940
4126	0.526700055
4129	0.940455573
4130	1.953847938
4131	0.784240733
4132	0.339788365
4133	0.000000000
4136	1.089615551
4137	0.169261228
4139	0.000000000
4140	0.000000000
4141	0.997123235
4142	1.415148971
4143	0.385074058
4144	0.000000000
4145	0.185784367
4146	0.000000000
4148	0.678618505
4149	0.342244921
4150	0.273168198
4151	0.643508366
4152	0.000000000
4153	1.064821929
4154	1.176353137
4155	0.621186540
4156	0.000000000
4158	0.000000000
4160	0.761410614
4162	0.299112322
4165	0.981946514
4166	0.476858030
4167	0.345689071
4168	0.610140183
4169	0.347111030
4171	20.380149510
4173	1.456886355
4174	0.103900522
4175	1.421610593
4176	0.000000000
4177	1.307047013
4178	0.874101724
4179	0.366989877
4180	0.276969317
4181	0.497396282
4182	0.000000000
4183	3.767120618
4184	0.615246978
4185	0.597452215
4186	0.233632977
4187	2.342649620
4188	0.000000000
4189	4.898486363
4190	0.665272855
4191	2.918814987
4193	0.305673572
4194	0.000000000
4195	0.700919508
4196	0.674898574
4197	0.742236092
4199	0.576541508
4200	0.000000000
4201	1.023349475
4202	1.088555316
4203	0.222828853
4204	0.274825347
4205	0.000000000
4207	0.394253242
4208	0.863161107
4209	0.626092726
4210	0.379883126
4212	0.000000000
4213	1.176093687
4214	1.364350468
4215	0.600718254
4217	0.492297130
4218	0.000000000
4219	0.759561938
4220	0.707096556
4221	0.670596325
4222	0.144928388
4223	2.072936999
4224	0.000000000
4226	1.208666854
4228	0.516129662
4229	0.000000000
4230	0.000000000
4231	0.008836441
4232	10.222826330
4233	0.407611376
4234	0.814926449
4238	0.362132082
4239	0.323825962
4240	0.216170895
4241	0.825668116
4244	1.150510417
4245	0.237336706
4246	0.582560645
4247	0.562797764
4248	0.000000000
4249	1.725165044
4250	0.711824078
4251	0.182504290
4252	0.230955263
4253	0.339140490
4255	0.789330698
4256	0.829123570
4257	0.691866090
4258	0.234997697
4259	0.200281828
4261	0.768970494
4262	0.708416871
4263	0.000000000
4264	0.168156172
4265	0.920445865
4266	0.000000000
4268	1.295863567
4269	0.198882750
4270	0.569369049
4271	0.639562585
4272	0.000000000
4273	0.544972416
4274	0.501230567
4275	0.191443730
4276	0.216014678
4279	0.698062938
4280	1.314151271
4281	0.205573503
4282	0.149308235
4283	1.054944945
4284	0.000000000
4285	0.146558701
4286	0.332784217
4287	0.170761021
4288	0.132877007
4289	0.308898658
4290	0.000000000
4291	0.736111762
4292	0.538530587
4293	0.402043534
4294	0.507418009
4295	0.802909845
4297	0.727003639
4298	0.409444151
4299	1.107577831
4300	0.000000000
4303	0.866704702
4304	0.520168069
4305	0.186508006
4306	5.017895764
4307	0.494940851
4309	0.216187470
4311	0.610813430
4312	0.906445005
4313	0.512548899
4315	5.743725353
4316	0.345690180
4317	0.506350635
4318	0.690738260
4319	0.708198986
4321	0.260004892
4322	0.000000000
4323	0.375388215
4324	0.294509740
4325	0.000000000
4327	0.473392310
4328	0.988664778
4329	1.900167315
4330	0.634710837
4331	0.826107779
4333	0.282986137
4334	0.499773335
4335	0.946336353
4336	2.282288949
4337	1.107507377
4339	0.000000000
4340	0.458539649
4341	0.722267502
4342	0.558717694
4343	0.516723743
4345	1.431401945
4346	0.289772641
4347	0.659136244
4348	14.176965090
4349	0.188464888
4351	3.071370306
4352	0.769296973
4355	2.495885769
4357	0.356478478
4358	0.006584492
4359	0.927816864
4360	31.143762110
4361	1.322856040
4363	1.105401896
4364	0.743270509
4366	1.066432066
4367	1.095326848
4369	0.597008672
4370	1.909520153
4371	1.194794740
4372	0.588606531
4373	7.048312376
4375	0.708608040
4376	0.763491358
4377	0.810775209
4378	0.273114416
4379	0.610475379
4381	2.778126996
4383	0.591144521
4384	0.815930090
4385	5.871765595
4387	0.408229555
4389	0.237330908
4390	0.338605275
4391	0.509750718
4393	0.570768742
4394	1.305021848
4395	0.465066714
4396	0.745755482
4397	0.535915264
4399	6.720085655
4400	0.612889949
4402	1.099278428
4403	2.204415266
4405	0.815667300
4407	1.146329905
4408	0.582924362
4409	1.822742873
4411	0.000000000
4412	0.987291207
4413	0.980107065
4414	0.655144868
4415	2.251283841
4418	1.622815536
4419	0.680939350
4420	1.206712883
4421	0.511079864
4424	1.554279344
4426	1.359437578
4427	0.269399054
4428	0.000000000
4430	0.210312921
4431	0.303252875
4432	0.833920928
4434	0.000000000
4435	0.302888736
4436	1.510109785
4439	0.803808392
4440	0.000000000
4442	0.000000000
4443	1.623364903
4444	2.429916287
4445	0.488113209
4446	0.000000000
4447	0.000000000
4449	0.641898346
4450	1.635937006
4451	0.734717910
4452	0.000000000
4453	0.542283133
4454	0.312642426
4455	0.465419449
4456	0.885313968
4457	0.923537295
4459	0.932837497
4461	0.026914149
4462	0.581960666
4463	0.000000000
4464	0.000000000
4466	7.372113936
4468	0.405125627
4469	0.252072994
4470	0.000000000
4473	0.615700522
4475	0.000000000
4476	0.000000000
4478	1.530542235
4479	1.360785548
4480	0.273659930
4481	0.411539779
4482	0.000000000
4483	0.000000000
4484	0.240981195
4486	0.370393460
4487	0.696164356
4488	0.000000000
4489	0.919839987
4490	1.146237893
4491	0.520294695
4492	0.286029776
4493	0.255241455
4494	0.000000000
4496	0.185598417
4497	0.383009340
4498	0.463812650
4499	0.000000000
4500	0.000000000
4501	0.424916556
4502	1.651143713
4503	0.481410040
4504	0.135047320
4505	0.000000000
4506	0.000000000
4508	0.359780407
4509	0.133339985
4510	0.686427324
4511	0.226510814
4512	0.000000000
4514	0.311644992
4515	0.945217273
4516	0.128193903
4517	0.613640694
4518	0.000000000
4519	1.084289906
4520	1.259672028
4521	0.821307624
4522	0.543703393
4523	6.423175601
4525	0.000000000
4526	0.638400812
4527	0.982361393
4528	0.000000000
4529	0.323825822
4531	1.195774504
4532	0.820819368
4533	0.482650987
4534	0.064934240
4536	0.000000000
4537	2.251543166
4538	1.620398285
4539	0.496605260
4540	0.000000000
4541	0.430533047
4542	0.000000000
4543	1.153682956
4544	1.101769770
4545	1.336091904
4547	0.081082650
4548	0.000000000
4550	0.393496787
4552	0.189654070
4553	0.316209604
4554	0.000000000
4556	0.473116087
4557	0.195262950
4558	0.170685364
4560	0.000000000
4562	0.527246654
4563	0.167633642
4564	0.509498552
4565	0.333381396
4566	0.000000000
4567	0.000000000
4568	1.463031031
4570	0.025741549
4571	0.555827030
4572	0.000000000
4575	0.041361014
4576	0.255508018
4577	0.000000000
4578	0.000000000
4579	0.284106849
4580	0.694748362
4582	1.327667802
4583	0.449134819
4585	0.893529902
4586	7.110002272
4587	0.569535321
4588	0.749497803
4589	4.169745332
4591	0.403519587
4592	0.620754834
4593	0.748356652
4594	0.784006397
4595	1.141970570
4597	0.542065211
4598	0.294394276
4599	0.691889438
4601	1.011386061
4603	0.706744964
4604	0.620640883
4605	0.239718875
4607	1.098320305
