Reporter Identifier	VALUE
1	0.245125411
2	0.114990789
3	0.147920891
4	0.510441735
5	0.021431884
7	2.046959408
8	0.143070800
9	1.807311876
10	0.335689788
11	0.040877885
13	0.090367715
14	0.449649795
15	0.004489697
16	0.887858798
17	0.583194564
19	0.285470661
21	0.824116376
22	0.333206713
23	1.304619123
25	0.349797348
26	0.102260687
27	0.742888028
28	0.122442740
29	0.208688294
31	0.265739838
32	0.465497328
34	0.317417598
35	0.155405152
37	0.772347501
38	0.121830200
39	0.104695718
40	0.158407455
41	0.103327189
43	0.525506605
44	0.071147722
45	0.194838223
46	0.309049478
47	1.447411130
49	0.559250110
50	0.620466832
51	0.056486628
52	0.366197648
56	0.133115985
57	0.763194568
58	0.295981636
59	0.066202637
61	0.261162964
62	0.673015887
63	0.260129961
64	0.303375179
67	3.318323767
68	0.230683754
69	0.237720858
70	0.441804025
71	0.136302855
73	0.262679540
74	0.060017186
75	0.440878425
76	0.249964795
77	2.345430570
79	0.219839940
80	0.246934158
81	0.991555297
82	0.084019375
83	0.092260677
85	12.474975620
86	1.287267162
87	0.252680052
88	0.000000000
91	0.111262205
92	0.121247322
94	0.964762530
98	0.480320286
99	0.327070872
100	0.195746970
101	0.696470405
103	0.205485376
104	0.000000000
106	0.069313685
107	0.000000000
110	0.204832311
111	1.227232107
113	0.321201736
116	0.034966537
117	0.041014695
119	0.073545607
121	0.269043415
122	0.234621939
123	0.000000000
124	0.458565776
125	0.111034031
126	0.000000000
128	3.278105097
131	0.000000000
133	4.879742422
134	0.386964295
135	0.245212958
136	0.058287313
137	0.116470757
139	0.146047498
141	0.083026652
142	0.366449433
143	0.195706412
144	0.000000000
149	0.140527907
151	0.391064593
152	0.553438596
153	0.345842125
154	0.140522094
155	0.237615237
156	0.000000000
157	0.006850947
158	0.122057220
159	0.793895708
160	14.505725550
161	0.026314080
162	0.000000000
163	0.132289012
166	0.512230178
167	0.494967511
168	0.005372043
169	0.168640239
170	0.000000000
171	0.263345531
172	0.613517685
173	0.163816747
174	0.000000000
175	1.110001519
178	0.406995072
179	0.140135566
183	0.229771007
184	0.000000000
185	1.307539883
190	0.124025721
191	0.086896505
192	0.000000000
194	0.103506601
195	0.436196478
196	0.331391597
197	0.109948944
198	0.000000000
199	0.376897622
200	0.242663311
201	0.357635500
202	0.184784218
203	0.232429045
205	0.228844346
206	0.850135920
207	0.282108073
208	0.000000000
209	0.012653518
210	0.000000000
211	0.200659065
212	0.050310949
213	0.416441047
214	0.482557652
215	0.162211331
217	5.457112935
219	0.905993629
220	0.185597525
221	0.027723364
222	0.000000000
223	0.334699986
224	0.000000000
225	0.126747602
227	0.187808757
230	0.236291811
232	0.651808058
233	0.234430924
234	0.000000000
235	0.041643074
236	0.144809040
237	0.207505731
238	0.259568967
239	0.155266365
243	0.000000000
244	1.007200080
245	0.200621287
246	0.000000000
247	1.516186040
248	0.101264063
249	0.313214915
250	0.382186118
251	0.225650741
253	1.145815930
254	0.203541578
255	0.255151819
256	0.609263902
257	0.409366249
259	0.751060669
260	0.000000000
261	0.389091697
262	0.000000000
263	0.478272352
265	99.999999999
266	0.000000000
267	0.313723360
268	0.000000000
271	5.000550247
272	0.238885556
273	0.226065791
274	0.090425260
277	4.103812470
279	0.205002176
280	0.765449518
281	0.000000000
283	0.536202949
284	0.281818781
286	0.062909470
287	0.636015740
289	0.336989596
290	0.592313143
291	0.255829111
292	0.097406581
295	0.733368906
296	1.550191997
297	0.220407041
299	0.585102053
301	0.327463508
302	1.613153713
303	0.227410901
304	0.429699414
307	0.111246450
308	0.322773153
310	0.000000000
311	5.225837606
313	0.215134470
314	1.142881443
315	0.481036567
317	0.161354150
319	0.227077315
320	0.203709047
322	0.173816431
323	0.421779756
325	0.989461189
326	0.855303914
327	0.403701704
328	1.227783733
329	1.041633247
331	0.647016830
332	0.352032475
333	0.913635050
334	0.324716784
335	0.335127641
337	0.633296358
338	0.291107361
339	0.924242850
343	1.049803243
344	1.050642990
345	0.108279843
347	0.159197518
349	1.065757092
350	0.487743424
351	0.853622177
352	0.091890142
353	0.673395242
355	0.120389136
356	0.246069168
357	0.501386236
358	0.219715244
359	0.351019093
361	0.150674725
363	0.000000000
364	0.220213817
365	0.243365731
368	0.359648503
369	5.918756193
370	0.155403730
371	0.481523434
373	0.180622606
374	0.809968843
376	1.006743709
377	0.054448430
379	0.728487093
380	0.806225683
381	0.679894581
382	0.255919027
386	0.504405248
387	0.639357750
388	0.664802291
392	1.116112378
393	0.071615293
394	0.117869328
395	0.103436798
396	0.002016424
398	0.445634231
399	0.333345826
400	0.299253834
401	0.273204313
402	0.012264427
403	0.053707665
404	0.522897629
406	0.154700132
407	0.017642842
408	0.000000000
409	0.296290552
410	0.355386318
411	0.134186317
412	0.248910377
413	0.266685509
414	0.000000000
415	0.222072028
416	0.310909460
417	0.327413131
418	0.000000000
419	0.050668788
420	0.005489126
421	0.539104099
422	0.252178255
423	0.528496646
424	0.000000000
425	0.744527283
430	0.129256425
431	0.283999266
432	0.000000000
434	0.345813543
435	0.312250647
436	0.424828387
437	0.083611686
439	1.568232252
440	0.696877099
442	0.334365948
443	0.035725111
444	0.000163358
447	0.207411103
448	0.000000000
450	0.000000000
451	0.200819753
453	0.161897083
454	0.122801066
456	0.000000000
457	0.478861439
459	0.097708118
460	0.533923497
461	0.063665000
464	0.454863834
465	0.206388507
466	0.075953277
468	0.000000000
469	0.237000306
470	0.000000000
471	0.143725284
472	0.057231315
473	0.160986317
474	0.000000000
476	0.488216030
477	0.000000000
478	0.000000000
479	0.481443037
480	0.000000000
482	2.258608183
484	0.036424489
485	0.040278256
486	0.000000000
487	0.959108744
488	0.250835854
489	0.224036500
490	0.048629487
491	0.099784739
494	0.279206877
495	0.000000000
497	0.123698356
500	0.857515647
501	0.301521463
502	0.151215422
503	0.178962852
504	0.016294829
505	0.078969198
507	0.098142976
508	0.022995407
509	0.295962781
511	0.122702825
512	0.086708276
513	11.745106850
514	0.274222649
515	0.000000000
516	0.000000000
518	0.832297351
519	0.057328087
520	0.112949877
524	1.124836414
525	0.166575312
526	0.406340346
527	0.817360213
528	0.000000000
529	0.509312806
530	0.242158979
531	0.106060024
532	0.145922359
533	0.293081362
534	0.000000000
539	0.000000000
540	0.000000000
542	0.625167814
544	0.237532021
545	0.474911068
546	0.000000000
547	0.509876824
548	0.397475721
549	0.011836945
550	0.227886267
551	0.093202904
553	0.734625126
554	0.216664266
555	0.717199843
556	0.304866895
557	0.289923819
559	1.234583503
560	0.413078374
561	1.904291581
562	0.522530303
563	0.675960969
565	0.298456264
566	0.574963222
567	0.237293574
568	0.586238667
569	1.715500078
571	0.503913023
573	0.549521688
575	0.169033133
577	0.643199787
578	0.528934440
579	0.166422392
581	0.217375681
583	0.219364085
584	0.111492255
585	0.300990704
586	0.027862152
587	0.444543576
589	0.479280874
590	0.488326600
591	0.364279220
592	0.289295048
593	1.365757146
595	1.084505267
596	0.231902967
597	0.337899824
598	0.719730947
599	1.406505889
601	2.532247995
602	0.882684818
605	0.651654209
607	0.265369472
608	0.266582016
609	0.818894516
610	5.897651389
611	0.527233912
613	2.637913859
614	0.492670829
615	2.093105182
616	0.784111274
617	1.016189506
619	0.910328345
620	0.000000000
621	54.397184080
622	1.359040185
623	0.000000000
625	2.342644507
626	1.353117476
627	0.649705486
628	0.832808670
629	0.376457194
631	1.420646757
632	0.491199149
633	0.000000000
635	0.255501108
637	0.374073201
638	0.715410043
639	0.121475254
640	0.131493558
641	0.461437518
643	0.127072842
644	0.186957718
645	0.210702650
646	0.216492755
647	0.554854570
649	0.969402042
651	0.754206573
652	0.338407147
653	0.283292245
655	0.478164403
656	1.021940391
657	0.315363877
658	0.171918140
659	0.284843332
661	1.102711546
662	3.122425426
664	0.538522858
665	0.568245001
668	1.386591943
671	0.257179014
674	0.304949750
676	0.111965537
677	0.168797945
679	0.246740708
680	0.289607916
681	0.112043458
683	0.604141733
684	0.000000000
686	0.557332120
687	0.062018221
688	0.222723278
689	0.462854979
690	0.000000000
691	0.300032161
693	0.000000000
694	0.072901123
695	0.231763702
696	0.000000000
698	0.420151680
699	0.241528242
701	0.208374852
702	0.000000000
704	0.290051538
705	0.261889277
706	0.028088378
707	0.219978874
708	0.000000000
709	0.000000000
710	0.000000000
716	0.885925208
717	0.113697367
718	0.123085974
719	0.176892754
720	0.000000000
723	0.088090115
725	0.365100744
726	0.000000000
728	0.256768437
729	0.903013522
730	0.040891681
732	0.000000000
733	2.169425059
734	1.198734100
735	0.046190929
736	0.034809096
737	0.212271879
738	0.000000000
739	0.221831961
740	0.564949083
741	0.198852212
742	0.137049881
743	0.335594687
744	0.001048646
746	0.696283010
747	0.235047956
748	0.235200054
749	0.522769706
750	0.000000000
751	0.408298200
752	0.609477233
753	0.226884076
755	0.270616430
757	0.796505134
758	0.474055892
759	0.236288302
760	0.007374813
761	0.015104526
763	0.593467226
764	0.450678718
765	0.243389659
766	0.242559747
767	0.941519284
770	1.113374278
771	0.650751601
772	0.106636308
773	0.226576506
774	0.006848289
775	0.127952722
777	0.127870433
778	0.008241340
779	0.243111501
781	1.232390615
782	0.618967096
783	0.097014893
784	0.000000000
785	0.841567492
786	0.000000000
787	0.607507377
789	0.267610862
790	0.104698317
791	0.205769379
793	0.503061500
794	0.362278720
795	0.288299727
797	0.087676940
799	0.756294718
800	2.160409699
802	0.022574982
803	0.458326915
804	0.000000000
805	0.207514865
806	0.688751826
807	0.120225463
808	0.648416677
809	0.000000000
810	0.030158486
811	99.999999999
812	0.152402050
813	0.000000000
814	0.000000000
815	0.000000000
816	0.000000000
818	0.498990689
819	0.239565338
820	0.168941215
821	0.492864602
823	0.404599905
824	1.423957786
825	0.000000000
826	0.124234243
827	0.065022407
829	0.699083387
830	0.000000000
832	0.178888063
833	0.000000000
835	0.282443172
836	0.329872945
837	0.215728842
838	1.097611880
841	1.682279959
842	0.316141715
843	0.239804838
844	0.452988956
845	0.346480350
847	0.279189470
848	1.292374837
849	0.645810137
850	0.443422333
851	0.124022627
853	0.820145478
854	0.537704933
856	0.414752464
857	0.573698024
859	0.638892996
860	0.329941352
862	0.110526473
863	0.275823230
866	0.288047750
867	0.260714316
868	0.183554775
869	0.406478076
872	1.906506485
873	0.072080394
874	42.539679650
875	0.107104513
877	0.289241927
878	0.727125218
879	0.027474585
880	0.816473284
881	0.576612246
883	0.129415558
884	36.229342670
885	0.627937596
886	19.718983240
887	0.221859503
889	0.006540362
890	0.440113551
891	0.114229156
892	3.772582308
893	25.565091220
896	1.945342896
897	0.000000000
899	0.000000000
901	0.537460746
902	0.891464328
903	0.876730006
905	0.055160820
909	0.947511764
910	58.933785090
911	0.583348987
913	1.273319523
914	0.583997358
915	0.179740666
916	0.377763125
917	0.547901864
919	0.512434089
920	0.000000000
921	0.551447363
922	12.005282650
923	0.257738059
925	0.185105295
926	0.885515201
927	0.233509026
928	0.134250917
931	1.137220021
932	0.540914439
933	0.176616019
934	0.274609706
937	0.832577376
938	0.868046512
939	1.986122522
940	2.722254077
941	0.389714615
943	0.185808475
945	0.561773786
946	0.204499567
949	0.924798182
950	0.090520859
951	0.404523108
955	0.185377213
956	0.097757427
957	4.113596743
959	1.769815003
961	0.663057392
962	0.055682165
963	0.128548638
964	2.618497627
965	0.917828775
968	1.050042051
969	0.500464788
970	3.366176710
971	0.000000000
973	1.201741190
974	0.930622496
975	0.168631769
976	0.086238927
977	0.251604790
981	0.000000000
982	0.112129381
983	0.324985746
985	2.125462947
986	0.265606630
987	0.202068425
989	0.214522470
992	0.255002892
993	0.139375469
995	0.730563295
996	0.000000000
997	0.068337117
998	0.596851828
999	0.236376862
1000	1.414946639
1004	0.245360316
1005	0.223803043
1006	0.006084299
1007	0.160330729
1009	0.787081104
1010	0.722508331
1011	0.006403074
1012	3.644944967
1016	0.000000000
1017	0.131466681
1018	0.083407004
1019	0.213795469
1023	0.077680442
1024	0.000000000
1025	0.191770178
1028	0.170279235
1029	0.000000000
1030	0.014645400
1031	0.357648275
1033	0.000000000
1034	0.000000000
1035	0.000000000
1036	0.302206524
1037	0.394071397
1040	0.289175071
1041	0.121985423
1042	0.101107115
1043	0.052640762
1045	0.217732394
1046	0.138504161
1047	0.027146379
1048	0.228824943
1049	0.080325021
1050	0.000000000
1051	0.749325395
1052	0.277164576
1053	0.056985971
1055	0.281164830
1058	0.652663836
1059	0.201035707
1060	0.185665371
1061	1.578307569
1064	0.067148613
1065	0.394319716
1066	0.081355551
1069	0.517731006
1070	0.260099382
1071	0.074786931
1072	0.106689638
1073	0.559645672
1075	0.437436654
1076	0.305562934
1077	0.120268984
1078	0.141491090
1079	0.435724678
1081	6.879315718
1082	0.206061046
1084	0.099011562
1085	0.512058548
1086	0.000000000
1087	0.390236382
1088	0.428455940
1089	0.000000000
1090	0.115220504
1091	0.251121500
1093	0.675182109
1094	0.253515587
1095	0.028527706
1096	0.193861157
1097	0.000000000
1100	0.245290109
1102	2.832475612
1103	0.489021247
1105	1.652895277
1106	0.267807193
1107	0.017846365
1108	0.112556856
1109	0.285511213
1110	0.003042933
1111	2.625427680
1112	0.361022521
1113	0.062003601
1114	0.121034850
1115	1.494354275
1117	1.982053593
1118	0.177230955
1120	0.235926429
1121	0.000000000
1123	0.491327554
1124	0.138162231
1125	0.102595929
1126	1.151570962
1127	0.328708972
1129	0.568129390
1130	0.155635142
1131	0.459047938
1132	1.946852871
1133	4.771030317
1135	2.707117963
1136	0.629114593
1137	0.289563717
1138	1.591336268
1139	1.162808109
1141	0.327585164
1142	0.907498956
1143	0.134818040
1144	2.003965724
1145	0.507334266
1147	0.280678531
1148	0.458887209
1149	0.139424761
1150	2.497869876
1151	0.489173214
1153	0.233462260
1154	0.485870655
1155	0.222809144
1156	0.856282424
1157	0.094816011
1159	26.228031030
1160	0.274607495
1161	0.042493433
1165	0.264208085
1166	0.224519588
1167	0.350216745
1168	0.208311636
1169	0.019302905
1171	0.410646783
1172	1.299179970
1173	0.314596791
1175	1.034769583
1177	0.096253210
1178	0.192150455
1179	0.769266128
1180	0.334598191
1181	0.365889762
1185	0.508888347
1186	0.057580237
1187	0.173072866
1189	1.001240281
1190	0.442690329
1191	0.623550961
1192	0.475389689
1195	0.228012075
1196	0.660405105
1197	0.761607927
1198	0.115537468
1199	0.407161157
1201	0.140230214
1203	0.088339929
1204	0.251742813
1207	2.006734315
1208	1.804174914
1209	2.193335884
1211	0.171447716
1213	0.000000000
1214	0.973308059
1215	0.009706523
1217	0.250763675
1219	0.258712713
1221	0.314262146
1222	0.125771672
1223	0.209065507
1226	0.657514986
1227	1.166454248
1228	0.113008782
1229	0.175875382
1231	0.716760883
1232	0.578655472
1233	0.226101854
1235	0.000000000
1237	0.181381614
1238	0.310991449
1240	0.178976294
1241	0.000000000
1243	0.342921272
1244	0.457411942
1245	0.200184052
1246	3.626053061
1247	0.037508841
1250	0.623257216
1251	7.605780339
1252	0.231615122
1255	0.625311472
1256	0.000000000
1257	0.228119091
1258	0.260055074
1259	0.101370194
1260	0.000000000
1261	0.233582640
1262	1.371396975
1263	0.155733855
1264	0.260373799
1266	0.017066579
1267	0.494855878
1268	0.247864770
1270	0.301973771
1271	0.724057073
1273	0.808269149
1274	0.000000000
1275	0.064461451
1276	0.146081944
1277	0.497622700
1278	0.074425308
1280	0.585148813
1281	0.471833684
1282	0.301491714
1283	1.239343607
1284	0.079477438
1285	0.212793640
1286	0.038815386
1287	0.070912393
1288	0.329381929
1291	1.647631564
1292	0.321620928
1293	0.698798863
1294	0.032258070
1295	0.327077588
1296	0.029356290
1298	0.333506894
1300	0.195822697
1301	0.174967113
1302	0.022166878
1305	0.029862172
1306	0.163484900
1307	0.119725970
1308	0.008878266
1310	0.333393029
1313	0.143267236
1314	0.000000000
1316	0.222062608
1317	0.049560387
1318	0.451968951
1319	0.293466926
1320	0.008781958
1322	0.197985768
1323	0.823507780
1325	0.225540632
1328	0.638970409
1329	0.243707196
1331	0.120347467
1332	0.069660125
1333	0.002649331
1334	0.255097520
1335	0.196641046
1336	0.133147863
1337	0.261787408
1341	0.079501704
1342	0.466627023
1343	0.772967241
1345	0.048571439
1346	0.132807346
1347	0.064650785
1348	0.000000000
1349	0.071195109
1350	0.024899737
1351	0.191752744
1352	0.259358008
1354	0.203513100
1357	0.109895672
1358	1.146635883
1361	0.000000000
1362	0.000000000
1363	0.930550264
1365	0.159314642
1366	0.109717209
1367	0.106054642
1370	0.292841820
1372	0.133717462
1373	0.187710824
1377	0.922014631
1380	0.000000000
1382	0.315393814
1383	0.079950796
1385	0.124117902
1386	0.000000000
1389	0.183093790
1390	0.105269488
1393	0.119755962
1394	0.466335000
1395	0.024412765
1396	0.054239727
1397	7.950335904
1400	0.390174516
1401	0.131142705
1402	0.152128250
1403	0.354416383
1404	0.000000000
1405	0.192792762
1406	0.763174757
1407	0.000000000
1408	0.115422273
1409	0.000000000
1411	0.049864924
1412	2.778286861
1413	0.050864262
1415	0.253638701
1417	0.779115683
1418	0.849301350
1419	9.487855900
1420	0.242387494
1421	0.115848032
1423	0.069675910
1424	0.087587875
1425	0.486482420
1426	0.280654977
1427	0.628266692
1429	0.767927139
1430	0.000000000
1431	10.337632160
1432	1.027773297
1435	0.188891565
1436	0.079487173
1438	0.400974249
1439	1.041669165
1441	0.504915584
1442	0.298907988
1443	0.211278650
1444	0.277629076
1448	0.307067903
1449	0.174399994
1450	0.340816899
1453	0.688352273
1454	0.435629573
1455	0.173501565
1456	0.290253961
1457	0.081819249
1459	0.031528352
1460	0.112984404
1461	0.916828678
1462	0.327054284
1463	0.196438351
1465	3.537275954
1466	0.984727570
1467	0.140474030
1468	0.849423037
1469	0.639021590
1471	0.150579463
1472	1.305721519
1473	0.072488448
1474	0.100850257
1477	0.194336018
1478	0.273907737
1479	1.187412856
1480	0.192824378
1481	0.638328743
1483	0.136854757
1484	0.687034750
1485	0.032289943
1486	0.543137421
1487	0.003537372
1489	0.267443182
1490	0.643071690
1491	0.570579101
1492	0.446086403
1493	0.102787055
1495	0.000000000
1496	0.288948749
1497	0.201240823
1498	13.267677240
1499	0.007399591
1501	0.196951761
1502	0.380031438
1503	0.380007505
1504	0.227900566
1505	0.045396484
1507	0.170269843
1508	0.612545270
1509	0.308706425
1510	0.321487318
1511	0.627457406
1513	0.062421215
1514	0.349738384
1515	1.375737789
1516	0.423320335
1517	0.000000000
1519	0.667713291
1520	0.913945710
1521	3.536677836
1522	0.286141384
1526	0.944079255
1528	0.232296345
1529	0.000000000
1531	0.172564541
1532	0.376318049
1533	0.397514379
1535	0.000000000
1537	0.143839414
1538	0.790244095
1539	5.566473315
1540	0.097760539
1541	0.000000000
1543	0.191903168
1544	0.561600421
1545	0.196774933
1546	0.440369545
1548	0.000000000
1549	0.205435956
1550	0.409512695
1551	0.134266863
1552	0.220363698
1553	0.224807654
1554	0.030508455
1556	0.773259116
1557	0.000000000
1558	0.084672248
1559	0.033368532
1560	0.024910236
1561	0.268835048
1562	0.324268289
1563	0.353533204
1565	1.229819384
1566	0.000000000
1568	0.495571019
1569	0.087165382
1570	0.074093613
1571	1.030918347
1572	0.284753441
1573	1.148972700
1574	0.193200515
1575	0.243683350
1577	0.054685714
1579	0.205933824
1580	0.007700413
1581	0.336016079
1582	0.120291153
1583	0.188321343
1584	0.000000000
1585	0.764818809
1587	0.066448492
1588	0.251993574
1589	0.481025847
1590	0.000000000
1591	0.000000000
1592	0.390738548
1593	10.562672020
1595	0.574607086
1597	3.592392508
1600	0.000000000
1601	0.000000000
1602	0.000000000
1603	0.712186357
1604	0.905548316
1606	0.037283332
1608	0.032590476
1611	0.105713239
1612	0.147474213
1613	0.272075847
1614	0.000000000
1615	0.345186961
1617	0.017895796
1618	0.174808742
1619	0.157223631
1620	0.000000000
1621	0.419662518
1622	0.787790271
1623	0.163128247
1624	0.000000000
1625	0.571027273
1627	0.000000000
1628	0.051740271
1629	1.269456865
1631	0.221733724
1632	0.020083513
1633	0.352159817
1634	0.450383972
1636	0.425419117
1638	0.000000000
1639	0.277858389
1640	0.092468773
1641	0.105673984
1642	0.358051418
1643	0.171239420
1645	0.238122663
1646	1.378595283
1648	0.114922051
1649	2.359132358
1652	0.342062473
1653	13.331299160
1655	0.000000000
1656	0.000000000
1657	5.187790389
1659	0.168635231
1660	0.249528408
1661	0.000000000
1663	0.137062512
1664	0.458671048
1665	0.254462946
1666	0.166651962
1667	0.450411355
1668	0.053513553
1670	0.035871307
1672	0.323239578
1673	0.510690394
1674	0.000000000
1676	0.040063253
1677	0.194536543
1678	0.526519891
1679	0.592692577
1680	0.000000000
1681	0.084681293
1682	1.001490400
1683	0.031734786
1685	0.212481978
1686	0.000000000
1687	0.000000000
1688	0.812777191
1689	0.287457468
1690	0.136246148
1691	1.450572910
1692	0.000000000
1693	0.406087788
1694	1.086905298
1695	0.190122056
1696	0.131835227
1697	0.000000000
1698	0.000000000
1699	0.201123597
1700	0.122686209
1701	0.156149706
1702	0.136819588
1703	0.404504617
1705	0.258532101
1706	0.536448120
1707	0.254549531
1711	0.383095309
1712	0.101999748
1713	0.613950688
1714	0.266127525
1715	0.311010875
1717	0.103732507
1718	0.518623535
1719	0.294510303
1720	0.115684208
1721	0.290015927
1723	0.358971984
1724	0.527489332
1725	0.667256550
1726	0.201578034
1727	0.139677927
1729	0.285664287
1731	0.149676394
1732	0.356505457
1733	0.196958898
1735	0.585622346
1736	0.757769234
1737	0.397904925
1738	0.348364087
1739	1.242811582
1741	0.185177865
1742	0.680359297
1743	0.630227709
1744	0.410732555
1747	0.269055488
1748	0.370624168
1750	0.588816153
1751	0.080796320
1753	0.070288585
1755	0.472022769
1756	0.326178352
1757	15.687605380
1759	0.186921083
1760	1.652245475
1761	0.190812515
1765	0.092805274
1766	0.282271292
1767	0.485431493
1768	0.274949652
1769	7.741093680
1772	0.219973413
1773	0.270968019
1774	0.336648790
1775	0.739443336
1777	0.701278892
1778	0.417487056
1779	0.172034220
1781	1.850861967
1783	0.074793801
1784	0.790836468
1785	0.129228883
1786	1.222093984
1787	1.802539372
1789	0.721337804
1790	0.350205016
1791	0.475430785
1792	1.072857298
1795	0.249467548
1796	0.395560005
1797	0.022799120
1798	1.202950301
1801	0.264401465
1802	0.496040188
1803	63.924499200
1804	0.846619713
1807	0.449191732
1808	0.437351740
1809	0.511591811
1810	0.342537193
1811	0.000000000
1814	0.154037068
1815	0.325557647
1816	0.744822583
1817	0.028130413
1819	0.456161096
1820	0.130639299
1821	0.148746984
1822	0.399856612
1823	0.000000000
1825	0.073404670
1826	8.574923317
1827	0.189646848
1828	0.350064958
1832	0.543657588
1834	0.333289813
1836	0.000000000
1837	0.084943100
1838	0.754058526
1839	0.122601427
1840	0.014709825
1841	0.053568834
1842	0.000000000
1844	0.000000000
1845	0.056859910
1846	0.146765068
1847	0.186289407
1848	0.000000000
1849	0.098536827
1850	0.177358995
1852	0.060650191
1853	0.190555708
1854	0.057173952
1855	0.000000000
1856	0.117883355
1857	6.447492311
1859	0.026062794
1861	0.292159499
1862	0.836231392
1863	0.000000000
1865	0.100379259
1868	0.368873435
1869	0.067150446
1870	0.284544199
1871	0.303068754
1872	0.000000000
1874	0.000000000
1875	0.151523645
1876	0.127008120
1877	0.173631147
1878	0.000000000
1880	0.195391954
1881	0.100169244
1882	0.296382185
1883	0.127910591
1886	0.245831881
1887	0.142967863
1888	0.000000000
1889	0.322846895
1890	0.009778642
1891	0.071997576
1892	0.204338203
1893	0.113598280
1894	0.140499169
1895	0.302017506
1898	0.000000000
1899	0.267027364
1900	0.103131060
1901	0.635299585
1902	0.000000000
1903	0.094193934
1904	3.087463911
1906	0.769295587
1907	0.000000000
1909	0.084220510
1910	0.834982191
1911	0.394039569
1912	0.159307293
1913	0.119659351
1914	0.007706085
1915	0.396278113
1917	0.289564686
1918	0.310509955
1919	0.000000000
1921	0.103774016
1922	0.359604753
1923	0.045374180
1924	0.185851216
1925	0.091042953
1926	0.000000000
1927	0.409684340
1928	0.385814537
1929	0.089801697
1930	0.073895914
1933	0.261264891
1934	0.399438144
1935	0.561666221
1936	0.291562386
1937	0.000000000
1939	0.378888765
1940	0.540554769
1941	0.098249954
1942	0.196657397
1945	0.053128519
1946	0.747730091
1947	0.233430778
1948	0.000000000
1949	0.020527311
1953	0.192559255
1955	0.000000000
1957	0.035417948
1958	0.294703934
1959	0.064770651
1961	0.084233464
1963	0.233973846
1965	0.445920326
1966	0.292333047
1967	0.461469723
1968	0.000000000
1969	0.065748190
1970	0.398516558
1971	0.133785240
1972	0.123065317
1973	0.000000000
1975	0.955811003
1977	0.096878149
1978	0.326276954
1979	1.284665000
1980	0.000000000
1981	0.282050585
1982	0.779009265
1983	0.253778347
1985	0.000000000
1987	0.140818026
1988	0.301012320
1989	0.235418038
1993	0.043031653
1994	0.226088935
1995	0.831241246
1996	0.039502503
1999	0.310319328
2001	0.017049745
2002	0.325028805
2005	9.007703364
2006	0.146504373
2007	0.078913412
2008	0.412679859
2012	0.394901790
2014	0.403449313
2015	0.275020947
2017	0.059142910
2018	0.132432137
2019	0.209765635
2020	0.528987486
2021	0.076537366
2023	0.928634799
2024	0.177504901
2025	0.367855618
2026	0.705874501
2030	2.842265959
2031	0.226502450
2032	0.154247721
2035	0.133036574
2036	0.447987784
2037	1.063031178
2041	0.286581487
2042	0.275220695
2043	0.493372557
2044	0.317344229
2047	0.406702265
2048	0.086633571
2049	0.268295467
2050	0.226477208
2053	0.009127633
2054	0.450862924
2055	0.111182470
2056	0.298081218
2059	0.271898596
2061	0.775222253
2062	0.678472973
2065	1.009164069
2066	1.488011382
2067	0.175163852
2068	0.311742952
2071	0.750477848
2072	0.430957089
2073	0.525238705
2074	0.413180125
2077	0.448700112
2078	0.384720986
2079	0.334664132
2080	0.327829297
2083	0.122854217
2085	0.897112695
2086	0.000000000
2090	0.799156728
2091	0.451081456
2095	0.296856704
2096	0.575947339
2097	4.496563866
2098	0.338995772
2101	0.148319113
2102	0.470749952
2107	0.248007112
2109	0.439481399
2113	0.605863332
2114	0.557666197
2115	1.493542753
2116	0.155519616
2119	1.982582904
2121	0.000000000
2122	0.000000000
2123	0.000000000
2125	51.485044010
2127	0.000000000
2128	0.000000000
2129	0.000000000
2131	0.000000000
2133	0.056796018
2134	0.160770203
2135	0.000000000
2137	0.159434845
2139	0.076268575
2140	0.282161452
2141	0.000000000
2143	0.156587200
2144	0.494826308
2145	0.154071331
2146	0.000000000
2147	0.000000000
2149	0.203512402
2150	0.405986070
2151	1.221413636
2152	1.509513506
2155	0.193565496
2156	0.187423272
2157	0.146919101
2159	0.000000000
2161	1.816177783
2163	0.000000000
2164	0.269057681
2165	0.000000000
2167	0.835855060
2169	0.233597973
2170	0.242077614
2171	0.030548847
2173	0.115583568
2174	0.154840199
2175	0.187304352
2176	0.031929709
2177	0.030266769
2179	0.486000485
2180	0.567002970
2181	0.000000000
2183	0.000000000
2186	0.165527081
2187	0.732701409
2188	0.078781781
2191	0.259212429
2192	0.670932848
2194	0.213453428
2195	0.001747914
2198	0.507531852
2200	0.345179253
2201	0.000000000
2203	0.323383202
2204	0.134736478
2205	0.000000000
2206	0.165117505
2207	0.000000000
2210	0.226232565
2211	0.039742339
2212	0.176849772
2213	0.000000000
2215	0.361361948
2216	0.161680749
2218	0.439700764
2221	0.991709139
2223	0.070538108
2227	0.137507541
2228	0.719636301
2229	0.606791572
2230	0.437749198
2231	0.000000000
2233	0.238227187
2235	0.352479540
2236	0.557630172
2237	0.000000000
2239	0.134010052
2242	0.125831302
2243	0.000000000
2245	0.231545313
2246	1.342708671
2247	0.094796169
2248	0.399009194
2249	0.000000000
2251	0.106064731
2252	0.944525317
2253	0.145724817
2254	1.880403592
2255	0.000000000
2257	0.311765511
2259	0.000000000
2261	0.000000000
2266	0.000000000
2267	0.000000000
2269	1.060768144
2270	0.377957647
2271	0.091643899
2273	0.000000000
2276	0.243704335
2277	0.000000000
2278	0.000000000
2281	0.887412109
2282	0.268798662
2283	0.434547505
2284	0.830803326
2287	0.145382002
2288	0.000000000
2289	0.123810505
2290	0.177840346
2293	0.111662540
2294	0.375980957
2295	0.261297128
2296	0.478071981
2299	0.187129999
2300	0.096652973
2301	0.873809403
2302	1.808368924
2305	0.186649702
2306	0.554929537
2307	0.244886150
2308	0.208539842
2309	0.122336398
2310	0.292203499
2311	0.706772453
2312	0.175222814
2313	0.502807013
2314	0.142118513
2316	0.701987371
2317	0.536867327
2318	0.042211116
2319	0.672637852
2320	0.197893753
2321	0.105199474
2323	0.101922735
2324	0.112863548
2325	3.059815557
2326	0.000000000
2327	0.063736461
2328	0.582827102
2329	0.314648260
2330	0.193082924
2331	0.099932303
2332	0.271949907
2333	0.489759612
2334	0.111059040
2335	0.430369481
2336	0.138275120
2337	0.170969391
2339	0.125180324
2340	0.612540400
2341	1.245427244
2342	0.076133015
2343	0.396615006
2344	0.542468075
2345	0.114419877
2348	0.379717501
2349	0.241194552
2350	0.490716775
2353	0.946152894
2354	0.089300758
2355	0.219144483
2356	0.427811929
2357	0.152508770
2359	0.348510656
2360	1.620089421
2361	0.135144247
2362	0.362880325
2365	0.264274809
2366	0.197582577
2367	0.140502356
2368	0.396132679
2371	4.640457907
2372	0.241601122
2373	0.059817169
2374	0.068617049
2375	0.101574831
2376	0.808755374
2377	0.000000000
2378	1.259191241
2379	0.030882569
2383	4.759893927
2384	0.715440578
2385	0.115714085
2386	0.606398324
2387	0.000000000
2389	0.687727788
2390	0.559971406
2391	0.147211894
2392	2.438870092
2395	1.572963417
2396	0.000000000
2397	0.391374412
2398	6.187900074
2399	0.001684737
2401	9.535772273
2402	0.600473871
2403	1.146309948
2404	0.618114982
2405	0.012672637
2407	0.134948209
2408	0.154588034
2409	0.458681073
2410	1.650044506
2412	0.227861745
2413	0.217346673
2414	0.110024808
2415	1.928231696
2416	0.300795088
2417	0.127953926
2418	0.000000000
2419	3.680083332
2420	0.393066949
2421	0.150383221
2422	0.328843584
2423	0.329109520
2424	0.366158637
2425	0.267618214
2426	0.087778261
2427	0.668927647
2428	0.162244428
2429	1.339431811
2430	0.054484321
2431	0.000000000
2433	0.359035334
2434	0.010604660
2435	4.732780259
2437	0.000000000
2438	0.248138374
2439	0.300671562
2441	0.208061232
2443	0.298006641
2445	3.082668545
2446	0.151478055
2447	0.083015647
2448	0.634345632
2449	0.245276075
2451	0.543806144
2452	0.000000000
2453	1.609964952
2455	0.383960074
2456	0.068581506
2457	0.395843844
2458	0.999696765
2460	0.277242691
2461	0.236174309
2462	0.000000000
2463	1.527058730
2464	1.282799277
2466	0.388277412
2467	0.368244339
2468	0.122833009
2469	0.529713093
2470	0.180814541
2471	0.000000000
2472	3.302157442
2473	0.452597213
2474	1.803378776
2476	0.607541998
2477	0.637723451
2478	0.352970678
2480	0.160881104
2481	0.216568700
2482	0.161593375
2483	2.638015246
2484	0.309190460
2485	0.458463788
2486	0.221548944
2487	0.216960247
2488	0.594118066
2489	0.188088385
2490	0.832026015
2491	0.673243834
2492	0.000000000
2493	1.056782862
2494	10.149593540
2496	0.039240500
2497	0.148711672
2499	0.000000000
2500	0.000000000
2501	0.298261907
2502	0.000000000
2503	0.008644934
2504	0.170082639
2505	0.037969273
2506	0.208108134
2507	0.103329617
2509	0.000000000
2510	0.099884455
2511	0.433622511
2512	0.000000000
2513	0.463843575
2514	0.000000000
2515	0.000000000
2516	48.872664390
2518	0.000000000
2519	0.238451181
2520	0.000000000
2521	0.603599173
2522	0.134422170
2523	0.182352589
2524	0.229645763
2525	0.369125278
2526	0.064764501
2527	0.278426233
2529	0.518970944
2530	0.227826354
2531	0.402039841
2532	0.000000000
2534	0.048575365
2535	0.508578569
2538	0.033485333
2539	0.169469069
2540	0.088435362
2541	0.306720847
2542	0.487861146
2545	0.000000000
2547	0.000000000
2548	0.229240746
2549	0.822855920
2550	0.000000000
2552	0.114223620
2554	0.376890748
2555	0.037419347
2556	0.000000000
2557	0.294510945
2559	0.492445068
2560	0.208230695
2561	0.389810391
2562	0.008683452
2563	1.593149772
2564	0.000000000
2565	0.000000000
2566	0.399023483
2567	1.669268248
2569	0.091881652
2570	1.345426273
2571	0.241898651
2572	0.186483448
2573	0.183273640
2575	0.581028607
2576	0.058108933
2577	3.391362270
2578	0.508872052
2579	0.606131566
2580	0.343393767
2581	0.622577583
2582	0.176962578
2583	0.202499183
2584	0.331967433
2586	0.328550409
2587	0.248457130
2588	0.286265367
2589	0.143569705
2590	0.177326434
2592	0.351721688
2593	0.412604838
2594	0.377021950
2595	0.317155787
2596	0.170524766
2597	0.324336618
2600	0.399261156
2601	0.106803749
2602	0.206350361
2603	0.257867545
2605	3.670681136
2606	0.043776733
2607	0.330830885
2609	0.343426305
2611	0.571929139
2612	0.106149868
2613	1.056309585
2614	0.334839443
2617	0.384291538
2618	0.555733266
2619	0.248045800
2620	0.000000000
2621	0.514477249
2623	0.941248119
2624	0.041824653
2625	0.838216421
2627	0.249201759
2629	0.195735276
2630	0.071853633
2631	0.317154803
2632	0.133822795
2633	0.272398590
2635	0.105479123
2636	0.288304457
2637	3.035553092
2639	0.431977132
2641	0.664301179
2642	0.227138349
2644	0.224561226
2645	0.340417796
2647	0.143133317
2648	0.288401576
2649	0.756170930
2650	0.367845986
2651	0.357696870
2653	24.304010220
2654	0.000000000
2655	0.673523563
2656	0.374016247
2657	0.171135477
2659	0.245294970
2660	0.164844403
2661	0.172722502
2662	0.180701128
2663	0.104001110
2665	58.263613870
2666	0.010189606
2667	0.068821276
2668	0.818142386
2669	0.037462354
2671	0.302745795
2672	0.222888614
2673	0.418465135
2674	0.130775813
2677	59.412885500
2678	0.000000000
2679	0.005607254
2680	0.000000000
2681	0.000000000
2683	0.577453991
2684	0.348218140
2685	0.532600257
2686	0.259018340
2687	0.180832221
2689	41.534739500
2690	0.000000000
2691	0.000000000
2692	0.000000000
2693	0.000000000
2696	0.142550390
2697	0.926427950
2698	0.236977286
2699	0.213798630
2701	0.392515821
2702	0.139764472
2703	0.295037239
2704	0.224733421
2705	0.230070900
2706	0.282585223
2708	0.481068940
2709	41.977334610
2711	0.074417609
2712	0.000000000
2713	0.314391445
2715	0.167048688
2716	0.387226909
2717	0.462594256
2718	0.151050905
2719	0.037903952
2720	0.000000000
2721	42.743394670
2723	0.000000000
2724	0.081878883
2725	0.241917773
2726	0.179963471
2727	0.165586254
2728	0.336077961
2729	0.184765266
2731	0.191349676
2732	0.214270356
2734	0.513817595
2735	0.441303974
2736	0.000000000
2738	0.197211536
2739	0.235381565
2740	0.386784272
2742	0.372656120
2743	0.322413237
2744	0.205564164
2745	0.323870569
2746	0.995999850
2747	0.134033265
2748	0.000000000
2750	0.907710834
2751	0.056597081
2755	0.419499587
2756	0.246025816
2757	0.758577561
2758	6.526569893
2759	0.000000000
2760	0.294840551
2763	0.059995241
2764	0.204275310
2765	2.620895077
2767	0.866182152
2768	0.730463877
2769	0.915687563
2770	0.434325155
2771	0.045858683
2772	0.657290085
2773	0.249463524
2774	0.233513751
2775	0.000000000
2776	0.537536394
2777	1.095416268
2779	0.346235819
2780	0.340788326
2781	0.282054873
2782	0.120326593
2786	0.158553800
2787	0.429509059
2789	0.888691134
2790	0.000000000
2791	0.811275494
2792	0.206781789
2793	0.477244356
2795	0.655162673
2797	0.206363186
2798	0.170903700
2799	0.329109682
2800	0.119324184
2801	0.092731615
2802	0.114926113
2803	0.302991396
2804	0.036636705
2807	0.244437410
2808	0.734329724
2809	0.576791435
2810	0.218695750
2811	0.309503382
2812	0.246805967
2813	0.000000000
2814	0.098987808
2816	0.591222648
2817	0.420851725
2818	0.189247518
2819	0.027751316
2820	0.087578751
2821	0.217404484
2822	0.157283369
2823	1.091157301
2824	0.147152356
2825	0.144867533
2826	0.000000000
2827	0.000000000
2828	0.552931362
2829	1.398012280
2830	0.344025645
2831	0.098267438
2832	0.000000000
2835	0.709327587
2836	0.204756285
2837	0.264132055
2838	0.000000000
2840	0.259709907
2842	0.590851904
2843	0.204755068
2848	0.032280933
2850	0.000000000
2851	1.760315638
2852	0.759866018
2853	0.193114641
2854	0.171749026
2855	0.113923667
2857	2.119191355
2859	0.055673190
2860	0.038099178
2861	0.200168858
2863	0.603902316
2864	1.392806001
2865	0.000000000
2866	0.215466877
2867	0.132645791
2869	61.189846360
2870	0.000000000
2871	0.000000000
2872	0.000000000
2873	0.223818162
2875	0.466531829
2877	0.497165379
2878	1.224084007
2879	0.225235105
2881	14.944070290
2882	3.350258529
2883	0.000000000
2884	0.000000000
2885	0.315528208
2887	0.143929326
2888	0.122889649
2889	0.334241912
2890	0.391737497
2891	2.564034899
2894	0.279068963
2895	0.164368430
2896	0.146644129
2897	0.322281093
2899	0.362175387
2900	1.119807597
2901	0.460951203
2902	0.112369894
2903	0.079939710
2905	0.859557223
2906	0.291943973
2908	0.145046491
2909	0.103600037
2911	0.090944334
2912	0.210064301
2913	0.161325829
2914	0.866628841
2915	0.060093464
2917	0.000000000
2918	0.681254452
2919	0.228081583
2920	0.778001083
2921	0.270859816
2923	1.571360822
2924	0.357542767
2925	0.897300653
2926	0.230886445
2927	0.035637326
2929	0.107036062
2930	0.125376156
2931	0.186155851
2933	0.383243518
2935	0.975443625
2936	0.004910026
2937	0.748217413
2938	0.410590475
2939	0.252828361
2941	0.322786000
2943	0.245577085
2944	0.186863657
2947	0.126076894
2948	0.630757736
2949	0.232548615
2950	0.222911480
2951	0.190531150
2953	1.622326479
2954	0.142919561
2955	0.000000000
2956	16.104787910
2957	0.132444842
2959	0.000000000
2960	0.323264418
2961	0.113303374
2962	0.103999757
2963	0.415585045
2965	0.395255129
2966	0.542366015
2967	0.158388415
2968	0.287443589
2969	0.226006203
2971	1.530457975
2972	0.363798093
2974	0.225087174
2975	0.346930608
2977	0.904585927
2978	0.151444379
2979	1.410729506
2980	0.644348757
2981	0.155017405
2985	0.539822318
2986	0.160819275
2987	0.377816201
2988	0.000000000
2989	28.417252910
2991	0.176389467
2992	0.077099698
2993	0.000000000
2994	0.000000000
2995	0.477779008
2996	0.300564938
2997	0.388670008
2998	0.000000000
2999	0.099431623
3000	0.000000000
3002	0.176985686
3003	0.108904873
3004	0.196238108
3005	0.082018715
3006	0.005781868
3007	0.156441834
3008	0.261893900
3009	0.210719609
3010	0.118341640
3013	0.315861559
3015	0.071883158
3016	0.212019315
3017	0.261538388
3019	0.311545293
3020	0.568771235
3021	0.138748432
3022	0.216325389
3023	0.297617392
3025	0.171937920
3026	2.603595324
3027	0.213569438
3029	0.101277322
3030	0.000000000
3032	1.253577242
3033	0.496829533
3035	0.030792343
3036	0.000000000
3037	0.614930835
3038	0.456955306
3039	1.194653458
3041	0.173278408
3042	0.000000000
3043	0.462139660
3044	0.968060787
3045	0.226613193
3047	0.243510301
3048	0.000000000
3049	0.893835734
3051	0.591248169
3052	0.268266839
3053	0.469405497
3054	0.002197604
3055	0.000000000
3056	0.392006721
3057	0.299502685
3062	0.796620741
3064	0.427087302
3065	0.000000000
3066	0.015394793
3067	0.827212580
3068	1.385014038
3070	0.115677240
3071	0.448805099
3073	0.503392497
3074	0.587888854
3075	0.626173450
3076	1.044067584
3078	0.000000000
3079	21.812633710
3080	0.019258472
3081	0.000000000
3082	0.809604411
3083	0.088544946
3085	0.749239976
3086	0.809691316
3088	0.534827759
3089	0.670303690
3090	0.000000000
3091	0.552299904
3092	0.593753829
3093	0.432636212
3094	0.070660699
3096	0.000000000
3098	0.154009714
3099	29.835196790
3100	1.230111572
3101	1.597844839
3102	0.000000000
3103	0.379784352
3104	0.343663691
3106	0.448075150
3107	0.280265332
3108	0.000000000
3110	0.371701262
3111	0.396015762
3112	0.185334907
3113	0.145602905
3114	0.000000000
3115	0.510976278
3119	0.015086314
3120	0.000000000
3121	0.272950413
3122	0.262563619
3123	1.035659090
3124	0.507365897
3125	0.198735760
3127	0.462979002
3128	0.000000000
3129	0.000000000
3130	0.030039039
3131	8.352456511
3132	0.000000000
3133	0.706494688
3135	0.260737953
3136	0.057933247
3137	0.636086689
3138	0.000000000
3139	0.332455363
3140	0.157781842
3141	0.149961629
3142	0.654812369
3143	0.193774115
3145	37.419704440
3146	0.000000000
3147	0.000000000
3148	0.000000000
3149	0.000000000
3151	4.127841042
3152	0.578419330
3153	0.850609455
3154	0.356870823
3157	2.352860015
3158	0.520507878
3159	0.868298391
3160	0.329832080
3161	0.318731231
3163	0.276090163
3164	2.318485400
3166	0.208561554
3167	0.236806427
3170	3.008663203
3171	0.392538201
3172	0.234469303
3173	0.091011318
3175	1.217754578
3176	0.529673944
3177	2.268362815
3178	0.127864267
3179	0.156223409
3181	0.315099798
3182	0.977782141
3183	0.321500016
3185	0.057709366
3187	0.810411618
3188	0.702218140
3189	0.089727837
3190	0.453445637
3191	0.013963066
3193	0.144592949
3194	0.031199063
3195	0.185705192
3196	0.231041378
3199	0.281200006
3200	0.552315742
3203	0.422420698
3205	1.062256650
3206	0.344302122
3207	4.795080727
3208	0.475578376
3209	0.640712717
3211	0.442317540
3212	0.610956062
3213	0.116477876
3214	0.000000000
3215	11.175871830
3217	0.493877716
3218	0.173206042
3219	0.854332991
3223	4.280925442
3224	0.234784653
3225	0.894695825
3226	0.298554060
3227	0.439153959
3229	1.189880146
3231	0.246085084
3233	0.211342881
3235	0.490873298
3236	0.325235414
3237	0.122625843
3238	0.128528554
3239	0.098295025
3241	0.103224918
3242	0.865998348
3243	0.779358989
3244	0.468943915
3245	0.304378474
3247	0.264921824
3249	0.215064938
3250	0.708309633
3251	0.246926894
3253	0.327687443
3254	2.399402696
3255	0.157799710
3256	0.210256191
3257	0.162520748
3259	0.265872707
3260	0.383417753
3261	0.168023470
3262	0.929095747
3263	0.309731520
3265	0.847368406
3266	0.632483754
3267	0.180297041
3268	0.174760074
3269	1.486474081
3271	0.194749800
3272	0.658261199
3273	0.310559388
3274	0.190446453
3275	0.076454287
3276	0.000000000
3277	0.738402345
3279	0.957335605
3280	0.047852149
3281	0.337480439
3282	0.061669475
3283	0.300651339
3284	0.684931909
3286	0.203779456
3287	0.000000000
3288	0.000000000
3289	0.105114641
3292	0.086959334
3293	0.254936178
3294	0.000000000
3295	0.313396212
3297	0.227320544
3298	1.350315495
3300	0.000000000
3303	0.208764582
3304	0.314880006
3307	0.273780290
3308	0.129801353
3309	0.062249690
3310	0.141387164
3311	0.185438324
3312	0.000000000
3313	0.215372445
3314	0.530425182
3315	0.588736412
3316	0.092758287
3317	0.145600805
3318	0.000000000
3319	1.135269696
3320	1.988462948
3322	0.318814666
3323	0.127425466
3324	0.000000000
3325	0.447872900
3326	0.000000000
3327	0.441589934
3328	0.088473026
3329	0.101987890
3330	0.017070774
3331	0.166180980
3332	0.416648777
3336	0.000000000
3337	1.017867764
3338	0.390208511
3339	0.892429675
3340	0.224459860
3341	0.810677168
3342	0.000000000
3343	0.864737728
3344	0.552019981
3346	1.077789088
3347	0.139518355
3348	0.000000000
3349	2.639022161
3351	0.333252821
3352	0.213733883
3354	0.000000000
3356	24.748082860
3358	0.276841442
3359	0.073422796
3361	0.087044735
3362	0.968478685
3363	0.292855297
3364	0.274599966
3365	0.082715418
3367	0.062148051
3368	0.757009168
3369	0.787208230
3370	0.164665372
3371	0.030231416
3373	0.000000000
3374	1.104578212
3379	0.236545081
3380	0.129074276
3381	0.000000000
3382	0.355331560
3383	0.147404023
3384	0.000000000
3385	0.159037379
3386	0.857697984
3387	2.496605818
3389	0.127940782
3390	0.000000000
3392	0.539796410
3393	0.021700818
3394	0.283926315
3395	0.110719661
3398	0.433929442
3399	1.395884123
3400	0.516891816
3401	0.000000000
3404	0.000000000
3405	0.000000000
3406	0.089539906
3407	0.244231962
3408	0.000000000
3409	0.184848567
3410	0.367889758
3411	0.274700161
3412	0.917007216
3413	0.493760938
3415	0.572816723
3416	0.380597552
3417	0.011630115
3418	0.417216158
3419	0.092844991
3420	0.000000000
3421	0.310593245
3422	0.000000000
3423	0.368535899
3424	0.041770748
3425	0.383940415
3426	0.000000000
3427	0.702483248
3428	0.666179032
3429	0.125740391
3430	0.306741575
3431	0.257012442
3434	0.241163083
3435	0.147582952
3436	0.663094679
3437	0.224039271
3439	0.310454497
3440	0.443843977
3441	2.298260661
3442	0.224981109
3443	0.218472715
3445	0.204756342
3446	2.449627941
3447	1.174791316
3448	2.425654927
3451	0.875866323
3452	0.831465073
3453	1.848137506
3454	0.262249776
3455	0.144617474
3457	0.348465211
3458	0.254293802
3459	0.163777583
3460	0.213522931
3461	0.031098635
3463	0.000000000
3464	0.211942209
3465	1.081706545
3466	18.687632910
3469	0.117768365
3470	0.498227085
3471	0.306514577
3472	0.791668650
3473	0.095198380
3476	0.644370248
3477	0.378966789
3478	0.441630235
3479	0.478245265
3481	0.238201745
3482	0.530854327
3483	0.085396773
3484	1.471505923
3485	0.016367595
3487	0.023633607
3488	0.763203653
3489	0.733137893
3491	4.497834533
3493	0.086715160
3494	0.959496877
3495	0.588491415
3496	0.372999226
3497	0.244362974
3499	99.999999999
3500	0.000000000
3501	0.000000000
3502	0.000000000
3503	0.070571687
3505	0.298321198
3506	0.850667303
3507	0.328143866
3508	0.161436698
3509	0.011994280
3511	0.118291738
3512	0.219060962
3513	0.350464544
3514	0.408785699
3515	0.940665443
3517	0.000000000
3518	0.631215840
3519	0.920718297
3520	0.335072150
3521	0.180740743
3523	0.089649022
3524	0.238975612
3525	0.136490537
3526	0.128249419
3527	0.135395646
3529	9.269691457
3530	0.058827969
3531	2.269950851
3532	0.244843373
3533	4.379138775
3535	0.995024853
3536	0.673407671
3537	0.481538530
3538	0.101291933
3542	0.517856959
3543	0.960877805
3544	0.267113897
3545	0.202429062
3547	0.123100161
3548	0.909312238
3549	0.389578746
3553	0.332831675
3554	0.000000000
3555	0.108572521
3556	0.040700819
3557	8.892262450
3560	0.353811707
3561	0.445411215
3562	0.848233869
3564	0.000000000
3568	0.000000000
3569	0.166841082
3570	0.000000000
3571	0.320536397
3572	1.792866834
3574	0.092946869
3575	0.189977461
3577	0.358921612
3579	0.422704092
3580	0.000000000
3581	0.056550552
3582	0.000000000
3583	0.438764404
3584	0.416295348
3585	0.112567135
3586	0.108510708
3587	0.000000000
3588	0.007125919
3589	0.244291614
3590	0.131149637
3592	0.504684437
3593	0.864410450
3595	0.272566180
3596	0.370497224
3597	0.089065559
3598	0.145712504
3600	0.000000000
3601	0.599107282
3602	1.535284895
3603	0.863630341
3604	0.417205857
3606	0.110114099
3608	2.666962151
3609	0.000000000
3611	0.091424323
3612	0.000000000
3613	0.390838734
3614	0.477137605
3615	0.339525672
3616	0.339684169
3617	0.006055166
3618	0.000000000
3621	0.180261640
3622	0.210722275
3623	0.000000000
3624	0.020704521
3626	0.565774197
3627	0.271860842
3628	0.435096264
3629	0.234261007
3630	0.004695585
3631	1.716517991
3633	0.087098720
3634	0.355770221
3635	0.144232297
3637	0.272279488
3638	0.565519001
3640	0.111874139
3641	0.336620444
3642	0.000000000
3643	0.649511971
3644	0.524292500
3645	0.000000000
3646	0.533353687
3647	1.153521550
3648	0.000000000
3649	0.835200499
3650	0.315544621
3651	0.298337444
3652	0.007314274
3653	0.000000000
3654	0.000000000
3655	0.142452238
3656	7.419012162
3658	0.237581166
3659	0.097444335
3662	1.014924854
3664	0.154971994
3665	0.633392591
3666	0.000000000
3667	0.516738320
3669	0.678439227
3670	0.247446216
3671	0.077237157
3674	0.605872986
3675	0.249803375
3676	0.306076802
3678	0.000000000
3680	0.267388258
3681	0.233803876
3682	1.082671109
3684	0.000000000
3686	0.591629396
3687	0.628167731
3688	0.519188052
3691	0.168050028
3692	0.421783855
3693	0.278572604
3694	0.357441273
3695	0.175846160
3696	0.000000000
3698	0.592768020
3699	1.685109683
3700	0.558788972
3701	0.278087984
3702	0.000000000
3705	0.130183303
3707	1.087312009
3708	0.029383777
3709	0.450815488
3710	2.865609651
3711	0.140512811
3712	0.305997679
3713	0.180807061
3714	0.000000000
3715	0.350425949
3716	0.399192463
3718	0.250894914
3719	0.366652073
3721	0.421285520
3722	0.610216931
3723	0.063278338
3724	0.253140632
3725	0.222744078
3727	0.000000000
3728	0.604136705
3729	1.318041462
3730	0.127472170
3731	0.140020354
3733	2.312553545
3734	0.596391276
3735	0.062149223
3736	0.129057236
3737	0.584291413
3739	0.236976744
3740	0.847667531
3741	0.131247287
3742	5.218233869
3743	0.000000000
3745	0.383807847
3746	0.149657410
3747	0.458708342
3748	0.057414177
3749	0.193821252
3751	0.029745846
3754	0.821306536
3755	0.673604930
3757	0.383552989
3758	0.294475846
3759	0.518412502
3760	0.254875635
3763	1.040153559
3764	0.515484195
3766	0.284194268
3767	0.188791795
3769	0.000000000
3771	0.430740951
3773	26.076200220
3775	0.197770970
3776	0.553866305
3777	0.223277118
3778	0.110296173
3779	1.154842342
3781	1.928092322
3782	1.815219955
3783	1.161075594
3785	0.311625393
3787	0.745756214
3788	0.446429024
3789	0.317331811
3790	0.134194282
3791	0.279520621
3794	0.000000000
3795	0.405785590
3796	0.287849605
3797	0.414175902
3799	0.246582930
3800	0.433587122
3801	0.180161582
3802	0.059098043
3803	0.871638170
3806	0.496505301
3807	0.134352887
3808	0.025980889
3809	0.373959477
3811	0.245735800
3813	0.159316827
3814	0.342520607
3815	0.000000000
3817	0.242883199
3818	0.241596188
3819	0.642561209
3820	0.380070155
3821	0.616466406
3823	0.183231473
3824	0.200613443
3825	0.616546728
3829	0.707842000
3830	0.444176056
3831	0.111323137
3832	0.173659893
3833	0.052371256
3835	0.748504954
3837	0.337242693
3838	0.323487046
3841	0.768485006
3842	0.216293344
3843	0.883661203
3844	0.401346028
3845	0.396791811
3848	0.924485751
3849	0.429663657
3852	0.000000000
3853	0.154138600
3854	0.135886729
3855	0.235950773
3856	0.162167629
3857	0.000000000
3859	0.216905333
3860	0.946546268
3861	0.185532026
3862	0.022852241
3863	0.087064189
3864	0.000000000
3865	0.449021517
3866	0.242213432
3867	0.199349465
3868	0.411430630
3870	0.000000000
3872	0.506526184
3873	0.309005576
3874	0.291102252
3875	0.087115365
3876	0.013009697
3877	0.223346513
3878	0.610818011
3880	0.681466932
3881	0.326848548
3883	0.185460806
3884	1.558450090
3885	0.524526596
3886	0.015668248
3887	0.238217569
3890	0.936055118
3891	0.076250896
3892	0.191754646
3893	0.100054201
3894	0.000000000
3896	0.928970286
3897	0.998903505
3898	0.084091575
3900	0.000000000
3902	0.245071669
3903	0.246399292
3904	0.126093403
3905	0.051999653
3907	0.626106453
3908	0.219930755
3909	0.536246961
3910	0.075352659
3911	0.092331007
3914	0.000000000
3915	0.147713563
3916	0.262155184
3917	0.096538468
3918	0.012608498
3921	0.435756912
3922	0.276283724
3923	0.204344923
3926	0.647262998
3928	0.321291365
3929	0.077160916
3930	0.000000000
3931	0.841482900
3933	0.260970830
3934	0.305223766
3936	0.001019448
3938	0.000000000
3939	0.224751765
3940	0.271334741
3941	0.206920405
3942	0.000000000
3943	0.420789068
3944	0.373618503
3945	0.059591174
3946	0.000000000
3947	1.531296043
3949	1.602339082
3950	0.270623981
3951	0.184967944
3952	0.116566908
3953	0.730732776
3954	0.000000000
3955	0.657593673
3956	0.000000000
3957	0.160764136
3958	0.666074700
3959	0.076964488
3960	0.000000000
3961	1.940524433
3963	0.159327455
3964	0.556885369
3965	0.000000000
3966	0.000000000
3968	0.274083171
3970	0.248603868
3974	0.101106411
3975	1.779083982
3977	18.958529870
3978	0.000000000
3979	0.412024000
3980	0.780337343
3981	0.372773984
3982	1.912723580
3983	0.000000000
3985	0.510873055
3986	0.596057927
3987	1.031641323
3989	0.386894138
3990	0.000000000
3992	0.902041560
3995	0.592569903
3996	0.000000000
3999	0.206008541
4000	0.024594028
4001	0.624646059
4002	0.000000000
4003	0.287217028
4004	0.250858720
4005	2.450013600
4006	0.176900473
4009	0.175369795
4010	0.079893571
4012	0.385141663
4013	0.395884336
4015	0.250303036
4016	0.774233937
4018	0.226623110
4021	0.277682685
4022	0.411321703
4023	0.806264000
4024	1.005000198
4025	0.514225387
4027	0.182422140
4028	0.727008895
4029	0.466734347
4030	0.540040348
4031	0.185043063
4034	0.344998334
4035	0.111426885
4036	0.293823583
4037	0.400204399
4039	4.688938783
4040	0.616467768
4041	0.321637815
4042	0.527455906
4043	0.309761281
4045	0.819975199
4046	0.617725411
4047	0.608698764
4048	0.192160122
4049	0.152285650
4051	0.123365602
4052	0.500633973
4053	0.451869233
4054	0.335180479
4055	0.493490959
4057	0.406204576
4058	0.686958327
4060	0.309147230
4061	0.060187109
4063	0.609602635
4064	1.118281467
4065	0.254117529
4066	0.734255060
4067	0.703660352
4069	0.747000823
4070	1.200572582
4071	0.432827863
4072	0.565427036
4073	0.262703682
4075	1.025023513
4076	0.352561772
4077	0.340950270
4078	0.147114024
4081	1.391953756
4082	2.976956068
4083	0.924565797
4084	0.526159916
4090	0.507054845
4091	0.871539455
4093	0.164620424
4094	0.384045569
4095	0.285603387
4096	0.179423309
4097	0.486624448
4099	0.084423310
4100	0.000000000
4102	0.555468612
4105	0.603532172
4107	0.185029362
4108	0.950561153
4109	0.184196267
4111	0.000000000
4112	1.162156968
4113	0.000000000
4114	19.612963830
4117	0.239801797
4119	0.276903484
4121	0.102855405
4123	0.087068979
4124	0.999862227
4125	1.606395354
4126	0.062490573
4129	0.218234886
4130	0.201844893
4131	0.633654712
4132	0.377185989
4133	0.000000000
4136	0.310539166
4137	0.171687437
4139	0.017374607
4140	0.000000000
4141	0.168661179
4142	0.851586438
4143	0.077786951
4144	0.000000000
4145	0.093528188
4146	0.000000000
4148	0.173142127
4149	0.185443095
4150	0.071777210
4151	0.303249852
4152	0.000000000
4153	0.051230548
4154	0.162050905
4155	0.239455756
4156	0.000000000
4158	0.000000000
4160	0.219003095
4162	0.097958516
4165	0.111210006
4166	0.346984087
4167	0.022494226
4168	0.110507206
4169	0.000000000
4171	50.113001390
4173	0.015013547
4174	0.000000000
4175	0.000000000
4176	0.000000000
4177	0.379467608
4178	0.272504827
4179	0.255664229
4180	0.116547227
4181	0.085773271
4182	0.000000000
4183	3.050052253
4184	0.305748214
4185	0.157076218
4186	0.265527029
4187	0.551552482
4188	0.000000000
4189	0.239474026
4190	0.977572703
4191	9.312045276
4193	0.000000000
4194	0.000000000
4195	0.237171770
4196	0.418631530
4197	0.256519396
4199	0.243558023
4200	0.000000000
4201	0.638052128
4202	0.697927448
4203	0.082511146
4204	0.113440660
4205	0.064068854
4207	0.157272377
4208	0.222672559
4209	0.161148056
4210	0.364411075
4212	0.000000000
4213	0.261534444
4214	0.847327680
4215	0.261859712
4217	0.141989517
4218	0.000000000
4219	0.318637622
4220	0.261394721
4221	0.236461959
4222	0.158209446
4223	2.420284315
4224	0.000000000
4226	0.864269529
4228	0.146625915
4229	0.036040792
4230	0.000000000
4231	0.000000000
4232	11.683713680
4233	0.096786152
4234	0.587540586
4238	0.324940350
4239	0.056459370
4240	0.208573078
4241	0.265736268
4244	0.421507744
4245	0.151050581
4246	0.742381694
4247	0.209062197
4248	0.000000000
4249	1.290402255
4250	0.898898912
4251	0.102345996
4252	0.267941306
4253	0.107823365
4255	0.706974852
4256	0.100844873
4257	0.273352182
4258	0.320645418
4259	0.066844089
4261	0.301623116
4262	0.521742126
4263	0.017754438
4264	0.109224127
4265	0.213840423
4266	0.047297260
4268	1.191611069
4269	0.315553296
4270	0.115335199
4271	0.292663423
4272	0.013696752
4273	0.267012260
4274	0.465865310
4275	0.108053675
4276	0.086371041
4279	0.324552912
4280	0.904493482
4281	0.512438970
4282	0.335198915
4283	0.746418970
4284	0.000000000
4285	0.481154329
4286	1.173434498
4287	0.062776285
4288	0.117219702
4289	0.265652988
4290	0.000000000
4291	0.178508783
4292	0.534504195
4293	0.255003758
4294	0.357870403
4295	0.162014451
4297	0.237757060
4298	0.256452349
4299	0.278651791
4300	0.000000000
4303	0.271978803
4304	0.710347397
4305	0.325622725
4306	10.935258810
4307	0.442459400
4309	0.164522720
4311	0.271521851
4312	0.608978531
4313	0.337456558
4315	0.400465640
4316	0.207816348
4317	0.512161499
4318	0.338838507
4319	0.235455685
4321	0.335880212
4322	0.000000000
4323	0.450959019
4324	0.507118947
4325	0.000000000
4327	0.566812670
4328	0.731963628
4329	0.608527207
4330	0.530665183
4331	1.066227111
4333	0.153177585
4334	0.364111805
4335	0.358270956
4336	1.757399438
4337	1.722276653
4339	0.000000000
4340	0.524681531
4341	0.350091841
4342	0.194772293
4343	0.063418644
4345	0.761263368
4346	0.020549362
4347	0.239653601
4348	0.989293161
4349	0.012338180
4351	0.745723313
4352	1.050389999
4355	3.397588213
4357	0.216025605
4358	0.032653933
4359	0.868890265
4360	2.801879226
4361	3.217473247
4363	1.272806149
4364	0.625854493
4366	0.594510162
4367	0.344076711
4369	0.066870394
4370	1.945530282
4371	1.836292678
4372	0.000000000
4373	28.253391480
4375	0.454389729
4376	0.254056087
4377	0.289554274
4378	0.167408256
4379	0.362838894
4381	1.999938508
4383	0.111479754
4384	0.266080972
4385	29.792811840
4387	0.437296139
4389	0.369702232
4390	0.316303844
4391	0.418991463
4393	0.289410449
4394	0.869920570
4395	0.767295919
4396	0.557731687
4397	0.394810578
4399	1.758197184
4400	0.207292374
4402	0.680008258
4403	4.293357160
4405	0.567610448
4407	0.174130125
4408	0.473735189
4409	1.721833089
4411	0.000000000
4412	0.535926923
4413	0.691509715
4414	0.276527771
4415	3.627943504
4418	0.907553869
4419	0.211938187
4420	0.403454268
4421	0.157440780
4424	0.364718339
4426	0.220348822
4427	0.118016674
4428	0.000000000
4430	0.452677778
4431	0.105375749
4432	0.549763774
4434	0.000000000
4435	0.064439927
4436	0.719482626
4439	0.216361504
4440	0.000000000
4442	0.000000000
4443	0.865799697
4444	0.384390627
4445	0.201509802
4446	0.015383892
4447	0.000541044
4449	1.437343810
4450	0.257661478
4451	0.436498055
4452	0.000000000
4453	0.884313968
4454	0.256021136
4455	0.197656761
4456	0.216157580
4457	0.751837124
4459	0.492018877
4461	0.078361684
4462	0.134809205
4463	0.000000000
4464	0.000000000
4466	24.631640860
4468	0.000000000
4469	0.082747916
4470	0.000000000
4473	0.816825625
4475	0.000000000
4476	0.000000000
4478	0.922390305
4479	0.372168060
4480	0.052014997
4481	0.453439068
4482	0.000000000
4483	0.000000000
4484	0.448983390
4486	0.279756610
4487	0.209214535
4488	0.000000000
4489	0.079952826
4490	0.210047453
4491	0.182501058
4492	0.022218026
4493	0.000000000
4494	0.000000000
4496	0.153394967
4497	0.110443462
4498	0.195432241
4499	0.000000000
4500	0.000000000
4501	0.164571497
4502	0.341216895
4503	0.126961552
4504	0.098709802
4505	0.000000000
4506	0.000000000
4508	0.295865261
4509	0.071826635
4510	0.483312313
4511	0.227396564
4512	0.000000000
4514	0.424059937
4515	0.542150994
4516	0.063008631
4517	0.084699479
4518	0.000000000
4519	0.268326929
4520	0.375713941
4521	0.216431841
4522	0.191797030
4523	7.162243501
4525	0.000000000
4526	0.186714331
4527	0.131381633
4528	0.019712438
4529	0.248177534
4531	0.945550363
4532	0.759514860
4533	0.072796707
4534	0.060137266
4536	0.000000000
4537	1.414535179
4538	1.632648077
4539	0.692974736
4540	0.000000000
4541	0.079142552
4542	0.029744879
4543	0.696767138
4544	0.421256921
4545	3.208000619
4547	0.147095218
4548	0.000000000
4550	0.831953135
4552	0.232794171
4553	0.249427456
4554	0.020677762
4556	0.576115221
4557	0.280409376
4558	0.243021202
4560	0.000000000
4562	0.678864245
4563	0.199006974
4564	0.926861246
4565	0.327090173
4566	0.000000000
4567	0.110648428
4568	0.995443835
4570	0.017826032
4571	0.838616389
4572	0.000000000
4575	0.040647468
4576	0.333559277
4577	0.000000000
4578	0.000000000
4579	0.410104870
4580	0.340026513
4582	0.227539568
4583	0.176218132
4585	0.000000000
4586	16.053589020
4587	0.000000000
4588	0.000000000
4589	16.728253740
4591	0.252870406
4592	0.385183308
4593	0.212382648
4594	0.195681269
4595	0.499605308
4597	0.561049283
4598	0.239673860
4599	0.216098573
4601	0.977217127
4603	0.455605056
4604	0.538897578
4605	0.123611839
4607	0.147663495
