Reporter Identifier	VALUE
1	0.172833562
2	0.188172317
3	0.201174950
4	0.413466327
5	0.000000000
7	1.220678562
8	0.726160490
9	1.403203254
10	3.039527365
11	0.237513136
13	0.197422101
14	1.136592341
15	0.456059370
16	0.926340900
17	1.029913730
19	0.347671481
21	0.804634952
22	0.641605471
23	2.080771539
25	0.196164163
26	0.440559168
27	1.606418315
28	1.194589705
29	0.277381645
31	0.208881188
32	1.030952101
34	0.802440508
35	0.674734497
37	0.379835002
38	0.957066152
39	0.453502122
40	0.262024012
41	0.921108269
43	0.575856881
44	0.997947196
45	0.773362930
46	1.038244032
47	0.608813867
49	0.032756753
50	6.331068266
51	1.308986955
52	0.699808626
56	0.476862866
57	1.285133182
58	0.519216008
59	0.592603651
61	0.317077768
62	0.905404918
63	0.551058521
64	0.823222065
67	0.932540365
68	0.121869681
69	0.305516348
70	0.426370591
71	0.437515198
73	0.314046412
74	0.472143285
75	0.930461421
76	0.871372965
77	3.328310127
79	0.213055234
80	0.713608387
81	0.869934825
82	1.502759073
83	0.353519612
85	3.815027158
86	1.296794701
87	0.270098205
88	0.661582957
91	0.197894008
92	0.722447801
94	1.284541170
98	0.605392606
99	0.487056227
100	0.539670852
101	0.466996645
103	0.447003217
104	0.250046124
106	0.146850857
107	0.864554067
110	0.943526047
111	1.416086834
113	0.223144012
116	0.379922180
117	0.196768481
119	0.526669090
121	1.301837689
122	0.647049741
123	0.000000000
124	0.970091336
125	0.736395754
126	0.000000000
128	1.404631109
131	0.000000000
133	3.201353889
134	0.187662959
135	0.533409472
136	0.229891530
137	0.230581976
139	0.724979650
141	1.553090927
142	0.281905242
143	0.616407781
144	0.000000000
149	0.664921923
151	0.487576029
152	0.955335080
153	0.753915556
154	0.373264884
155	0.646656280
156	0.000000000
157	0.869835108
158	0.357304883
159	2.205620584
160	3.663933444
161	0.361500263
162	0.000000000
163	0.645828618
166	1.151431696
167	0.796915898
168	0.000000000
169	0.600276029
170	0.000000000
171	1.010022014
172	0.537692507
173	0.707191376
174	0.000000000
175	0.915432973
178	0.460651084
179	0.234471179
183	0.602736384
184	0.000000000
185	6.814136899
190	0.441615460
191	0.673924137
192	0.000000000
194	0.387751695
195	0.586378527
196	0.934725833
197	0.680887437
198	0.000000000
199	0.151931631
200	0.219311522
201	0.470189481
202	0.330959536
203	0.255407373
205	0.666515609
206	0.830881215
207	0.779341096
208	0.000000000
209	0.000000000
210	0.000000000
211	0.545078889
212	0.780438219
213	1.021748311
214	0.996859520
215	0.366949491
217	2.000494952
219	0.803296006
220	0.926903242
221	0.205535896
222	0.000000000
223	0.408713234
224	0.000000000
225	0.987965782
227	0.686576620
230	1.950704070
232	1.282142126
233	0.169442199
234	0.000000000
235	0.554630087
236	0.915366652
237	1.056463716
238	1.435537794
239	0.291894211
243	0.000000000
244	2.051636287
245	0.951285072
246	0.000000000
247	0.991893570
248	0.952864066
249	0.554199989
250	0.694684193
251	5.022153846
253	0.830801290
254	0.397673642
255	0.417298137
256	0.924432860
257	1.074866721
259	0.285070917
260	0.547889060
261	0.676988349
262	0.918547922
263	0.874275488
265	17.305471740
266	0.456298163
267	1.173245730
268	0.733661615
271	1.635863394
272	1.207865168
273	0.776022312
274	0.563601260
277	0.963257824
279	0.399664234
280	0.899363557
281	0.250000367
283	0.506428989
284	0.832475242
286	1.729187321
287	1.294082110
289	0.172693378
290	0.800273995
291	0.443688980
292	0.398664918
295	1.411850726
296	1.539252095
297	0.662929345
299	0.605431409
301	0.748440108
302	1.736592230
303	0.173189828
304	1.334197632
307	0.819230045
308	0.660529502
310	0.536687396
311	2.393697253
313	0.504840936
314	1.001479649
315	0.549537964
317	0.217732557
319	0.406175800
320	0.350377679
322	0.892959598
323	0.505514478
325	1.205291405
326	0.398579878
327	0.727530494
328	1.336284109
329	1.005860285
331	0.745559700
332	0.677922883
333	0.646420191
334	0.571651790
335	0.921637664
337	0.749000100
338	0.537240010
339	1.090031617
343	1.389133196
344	1.145955312
345	0.150263864
347	0.281064582
349	1.241585872
350	0.552747485
351	0.885295395
352	0.694462086
353	0.649999178
355	0.614571717
356	0.955437311
357	1.363093567
358	1.392710586
359	1.314763519
361	0.351622434
363	0.000000000
364	0.715339189
365	0.572949738
368	0.531879522
369	1.952202053
370	0.717730576
371	6.838540282
373	0.709740829
374	0.498747939
376	6.429766004
377	0.507440290
379	1.212134429
380	0.715813297
381	0.698912573
382	0.769232608
386	1.349101734
387	0.689026335
388	1.007597136
392	0.544103276
393	0.489929231
394	0.553525760
395	0.889779450
396	0.000000000
398	0.628682581
399	0.642700212
400	0.310120904
401	1.081511576
402	0.000000000
403	0.813212098
404	0.579004502
406	0.553323660
407	0.377577559
408	0.000000000
409	1.332597716
410	0.782006741
411	2.030035185
412	0.075543934
413	0.379911125
414	0.000000000
415	0.665241002
416	0.385194840
417	0.424979654
418	0.000000000
419	0.611011166
420	0.000000000
421	1.377067277
422	0.788702273
423	0.842612921
424	0.361173828
425	0.476492131
430	0.269831742
431	0.523678733
432	0.000000000
434	0.619008795
435	0.479880786
436	0.502507471
437	0.325542356
439	1.264327952
440	0.728948875
442	1.008459139
443	0.351026897
444	0.000000000
447	0.329817119
448	0.000000000
450	0.000000000
451	0.495266239
453	1.779551213
454	0.265212904
456	0.000000000
457	2.952855437
459	0.598591879
460	0.310315018
461	0.172954080
464	0.774078204
465	0.541863554
466	0.132503438
468	0.000000000
469	1.017912780
470	0.000000000
471	0.415111591
472	1.718743702
473	0.977165846
474	0.000000000
476	0.839926078
477	0.512564115
478	0.000000000
479	0.465327976
480	0.000000000
482	0.927910576
484	0.106793897
485	0.547100151
486	0.000000000
487	1.379968287
488	1.480420052
489	0.812764185
490	0.455876266
491	0.577778300
494	0.547420524
495	0.000000000
497	0.420852219
500	1.298756195
501	0.726474906
502	0.205326501
503	0.293566677
504	0.000000000
505	0.000000000
507	0.106462152
508	0.239482742
509	0.215298361
511	0.533504798
512	0.182191473
513	18.633514310
514	0.098640774
515	0.265236285
516	0.000000000
518	0.835592478
519	0.191338692
520	0.216633432
524	1.151128718
525	0.922325387
526	0.611520722
527	0.984952527
528	0.000000000
529	0.892445104
530	0.441683294
531	0.380205913
532	0.200560439
533	0.179587558
534	0.000000000
539	1.006624503
540	0.000000000
542	0.597529497
544	0.299943860
545	0.622425919
546	0.000000000
547	1.665608490
548	0.484019464
549	0.159453725
550	0.935995070
551	0.391004002
553	1.953774223
554	0.356611498
555	1.025345532
556	0.923971008
557	0.499326492
559	1.109622306
560	0.804206279
561	1.384707943
562	0.302159186
563	1.796793416
565	1.483893706
566	2.970998559
567	0.749701267
568	0.808535739
569	1.694604414
571	1.701817804
573	0.852838811
575	1.230874289
577	6.620173225
578	0.908032388
579	0.267203029
581	0.696534462
583	0.881551954
584	0.455093469
585	0.749509055
586	0.169017758
587	0.693152207
589	1.677085986
590	0.982446436
591	0.625822825
592	0.552677765
593	1.435459047
595	1.839107686
596	0.329270582
597	0.193444556
598	1.054850699
599	1.289057080
601	1.307450643
602	0.964903246
605	1.027788398
607	0.925566798
608	0.255829423
609	0.515944751
610	1.965831052
611	0.450367961
613	1.334910302
614	0.947507166
615	0.593427469
616	0.746913493
617	0.712311108
619	0.988270027
620	0.024121156
621	22.967875140
622	1.055847533
623	0.289240065
625	1.950890730
626	1.253833801
627	0.293743335
628	0.652584060
629	0.818666434
631	0.987461630
632	1.082632607
633	0.000000000
635	0.232510857
637	0.531984444
638	2.154654797
639	0.285654317
640	0.567490859
641	0.525943385
643	2.625070250
644	0.701382380
645	1.091695031
646	0.921984436
647	0.486344970
649	1.661995242
651	1.063048818
652	0.600902693
653	0.370025516
655	0.849849733
656	0.880903950
657	0.490986556
658	0.496371258
659	0.290441184
661	1.189598083
662	1.732515187
664	2.153309556
665	1.088920855
668	1.388447001
671	0.722874420
674	0.714087204
676	0.386379084
677	0.560197363
679	0.775710128
680	0.856278980
681	0.538694135
683	0.539702307
684	0.000000000
686	1.193634923
687	0.622139549
688	0.290195696
689	0.778160979
690	0.000000000
691	0.808898527
693	0.000000000
694	0.361266741
695	0.540894874
696	0.000000000
698	0.564917095
699	0.355009897
701	0.309413492
702	0.000000000
704	0.729200941
705	0.953980016
706	0.274353441
707	0.520620355
708	0.000000000
709	1.938326011
710	0.492375302
716	1.071620218
717	0.439524878
718	0.273227633
719	0.517568550
720	0.000000000
723	0.402168222
725	0.551888272
726	0.000000000
728	0.718261303
729	0.561891886
730	0.479204714
732	0.000000000
733	11.512996400
734	1.438434586
735	0.477394468
736	0.746857506
737	0.252094378
738	0.000000000
739	0.900838910
740	1.310280755
741	0.738389459
742	0.229497241
743	0.343988143
744	0.000000000
746	0.626208827
747	0.651128311
748	0.607128455
749	9.545315691
750	0.000000000
751	1.440271820
752	0.887402254
753	0.326999388
755	0.482042688
757	0.767280283
758	1.594542113
759	0.656242873
760	0.450849164
761	0.000000000
763	1.412360270
764	0.706120136
765	0.589334140
766	0.171469545
767	1.237402190
770	1.157684948
771	0.837453924
772	0.199000875
773	0.437694258
774	0.000000000
775	0.967844166
777	0.772525940
778	0.429153493
779	1.102825582
781	1.628452050
782	1.093399761
783	0.863547134
784	0.165260862
785	0.846311760
786	0.000000000
787	0.546216552
789	0.774937873
790	0.643836374
791	0.615050677
793	0.942778387
794	0.336727591
795	1.123095295
797	0.156479777
799	1.355508831
800	1.215882193
802	0.396471375
803	0.386838164
804	0.000000000
805	0.593380017
806	1.336449307
807	0.493242435
808	0.371252669
809	0.000000000
810	0.000000000
811	31.732606520
812	0.558543800
813	0.202695026
814	0.244442905
815	0.264810774
816	0.000000000
818	0.341149323
819	0.738392885
820	0.259197585
821	1.802790890
823	1.259910140
824	1.507413606
825	0.534246104
826	0.354165594
827	0.312308921
829	1.641999397
830	0.000000000
832	0.341404902
833	0.000000000
835	1.684693972
836	1.176972082
837	0.387082319
838	1.581480409
841	2.639774603
842	0.717783178
843	0.459324941
844	0.962778364
845	1.447163550
847	1.323623061
848	1.073065772
849	0.850602011
850	1.047059525
851	0.821934388
853	1.127156506
854	1.044824064
856	1.983053056
857	0.830478311
859	0.761415679
860	0.784148023
862	0.358095045
863	0.172641224
866	0.295616188
867	0.120452033
868	0.296117920
869	0.815814971
872	1.188297909
873	0.963201469
874	9.125637598
875	2.040924580
877	0.546709301
878	1.031332311
879	0.384336994
880	1.056635635
881	0.895746227
883	0.554845197
884	4.389005874
885	5.752304017
886	4.587396001
887	0.354573652
889	0.407198856
890	1.768144845
891	0.611671901
892	1.137084741
893	6.036034865
896	1.644857669
897	0.794353103
899	0.675721346
901	1.390257028
902	0.987824675
903	1.130953623
905	0.395418026
909	0.793605447
910	27.480922500
911	1.217328806
913	0.905620291
914	0.927938957
915	0.963551227
916	0.772730417
917	0.654472648
919	1.492168720
920	1.099970546
921	1.150240039
922	5.409166530
923	0.907746271
925	0.548772851
926	0.930472350
927	0.252375150
928	0.320930294
931	0.875939463
932	1.411349456
933	1.511173742
934	0.378064967
937	0.895254631
938	1.574223934
939	1.000387267
940	1.195485725
941	0.480654019
943	0.756388349
945	0.749993637
946	0.277035757
949	0.713670579
950	0.569167837
951	0.629323184
955	1.707276941
956	0.926589954
957	2.159671514
959	1.938674761
961	1.068719450
962	0.769971744
963	0.628006614
964	1.780696339
965	1.210600330
968	1.174922075
969	0.878953583
970	2.894661940
971	0.000000000
973	1.438398392
974	1.099434415
975	0.241755611
976	0.665112933
977	0.664876037
981	0.000000000
982	0.444598134
983	0.765008466
985	4.368559139
986	0.488050337
987	1.064544475
989	1.137508161
992	0.481780428
993	1.124721662
995	0.356094522
996	0.000000000
997	0.981444174
998	0.589459592
999	0.796503169
1000	1.525233778
1004	0.496621710
1005	0.574353067
1006	0.163172586
1007	0.769414330
1009	1.701135172
1010	0.614359174
1011	0.337559408
1012	1.316362744
1016	0.000000000
1017	0.547028895
1018	0.072529996
1019	0.227747444
1023	0.371273302
1024	0.028893494
1025	0.460118525
1028	0.146085561
1029	0.000000000
1030	0.063518114
1031	0.822415352
1033	0.000000000
1034	0.000000000
1035	0.277446808
1036	0.383255940
1037	1.049263267
1040	0.443436287
1041	0.142398287
1042	0.136337670
1043	0.000000000
1045	0.938771723
1046	0.555911086
1047	0.290114258
1048	0.253484638
1049	0.851386030
1050	0.000000000
1051	0.708417081
1052	0.326006068
1053	0.389108052
1055	0.745895396
1058	1.868400685
1059	0.705193230
1060	0.221657031
1061	0.996950354
1064	1.332660677
1065	1.030772804
1066	1.021573319
1069	1.167760963
1070	0.742203088
1071	0.271667311
1072	0.436953014
1073	1.266695129
1075	1.472177636
1076	0.766517374
1077	0.615990217
1078	0.515895691
1079	0.957267078
1081	3.449390883
1082	0.486412896
1084	0.244985844
1085	2.361655208
1086	0.000000000
1087	1.274895067
1088	0.374914831
1089	0.320908632
1090	0.139443379
1091	0.628556471
1093	2.379088508
1094	1.409789684
1095	0.201460345
1096	0.576670667
1097	0.000000000
1100	1.095834552
1102	0.663826055
1103	1.144138290
1105	1.638438855
1106	1.023716621
1107	0.297496493
1108	0.360433305
1109	0.715386527
1110	0.000000000
1111	4.504452764
1112	0.584781965
1113	0.431129424
1114	0.510681742
1115	2.315826324
1117	2.051527598
1118	0.412952541
1120	0.494514926
1121	0.000000000
1123	1.446580521
1124	2.103124315
1125	0.736770418
1126	1.568421886
1127	1.463636644
1129	0.565098709
1130	1.096018859
1131	1.017317903
1132	2.051420496
1133	2.261385608
1135	1.625600070
1136	1.495535420
1137	0.671224365
1138	1.028295933
1139	0.578062639
1141	0.474222640
1142	1.203970504
1143	1.067813083
1144	2.599109838
1145	1.834296705
1147	0.894986058
1148	1.694279176
1149	0.457585854
1150	1.362024966
1151	0.812724648
1153	0.363952358
1154	0.390020650
1155	0.283951898
1156	1.284435812
1157	0.140619791
1159	5.728353842
1160	0.487458108
1161	0.355885995
1165	0.594394835
1166	0.538393148
1167	0.897616928
1168	1.204889937
1169	0.482470533
1171	0.892124997
1172	0.806074359
1173	0.724275305
1175	0.576387073
1177	0.517189125
1178	0.283436780
1179	1.572950328
1180	0.560411504
1181	0.401290864
1185	1.692965986
1186	0.073541891
1187	0.449012027
1189	1.107191963
1190	0.738720014
1191	0.826453380
1192	0.693563467
1195	0.434520173
1196	1.077183538
1197	0.927324370
1198	0.567737887
1199	0.320169739
1201	0.203370087
1203	0.645468464
1204	0.331510257
1207	1.073702919
1208	0.667243692
1209	0.576959074
1211	0.348117344
1213	0.781027886
1214	0.631034028
1215	0.433568870
1217	1.253743080
1219	1.429438552
1221	1.709561153
1222	0.766298328
1223	0.263377885
1226	0.980096489
1227	1.064747493
1228	0.184713795
1229	0.215956594
1231	0.831030691
1232	1.056789723
1233	1.004538193
1235	0.000000000
1237	1.074006318
1238	0.421839395
1240	0.718613434
1241	0.000000000
1243	0.781744870
1244	0.837308262
1245	0.993977389
1246	3.168771187
1247	0.000000000
1250	1.202578400
1251	1.162971882
1252	0.548844320
1255	2.435300982
1256	0.000000000
1257	0.319806917
1258	0.467697602
1259	0.481803935
1260	0.000000000
1261	1.221314302
1262	0.772589150
1263	0.086268374
1264	0.698803250
1266	0.000000000
1267	0.967029802
1268	0.662552337
1270	0.936747575
1271	1.230024541
1273	1.181164600
1274	0.000000000
1275	0.171725932
1276	0.598616625
1277	2.488263515
1278	0.000000000
1280	0.411680205
1281	0.262788062
1282	0.563633250
1283	0.791930930
1284	0.000000000
1285	1.842879630
1286	0.532068762
1287	0.928983449
1288	0.866318267
1291	1.735715480
1292	0.585763931
1293	0.343073172
1294	0.817017827
1295	1.052272698
1296	0.000000000
1298	0.077449897
1300	1.279482468
1301	0.753854663
1302	0.000000000
1305	0.165459232
1306	0.446509944
1307	0.441554187
1308	0.000000000
1310	0.486434715
1313	0.766916429
1314	0.000000000
1316	0.695786779
1317	0.215113578
1318	0.370290470
1319	1.194129133
1320	0.000000000
1322	0.510464691
1323	0.949146498
1325	0.782451251
1328	1.279952931
1329	0.216984317
1331	0.308866171
1332	0.000000000
1333	1.032382498
1334	0.348599561
1335	1.150584404
1336	0.880848823
1337	0.755160875
1341	0.327091678
1342	0.969509295
1343	1.330313366
1345	0.746166139
1346	0.770994259
1347	0.272515356
1348	0.000000000
1349	0.667463078
1350	0.000000000
1351	1.290238146
1352	0.752829066
1354	0.757824490
1357	0.624855144
1358	1.400812821
1361	0.000000000
1362	0.000000000
1363	0.964218326
1365	0.467679863
1366	0.278628954
1367	0.383172261
1370	1.085929563
1372	0.719151109
1373	0.331301505
1377	0.820926224
1380	0.000000000
1382	0.498092217
1383	0.182189826
1385	0.711153413
1386	0.000000000
1389	1.376746047
1390	0.333458218
1393	0.554150705
1394	1.071504133
1395	0.257236188
1396	0.266234470
1397	1.898352711
1400	0.380632258
1401	1.081749374
1402	0.383433317
1403	0.920870995
1404	0.000000000
1405	0.916693981
1406	1.309669848
1407	0.106002659
1408	0.588148285
1409	0.000000000
1411	1.307623894
1412	1.742904979
1413	0.611125267
1415	1.159272153
1417	1.136877664
1418	1.881195720
1419	4.920739637
1420	1.319504808
1421	0.215857962
1423	0.500320592
1424	0.748074373
1425	1.379605469
1426	0.947122936
1427	1.425447170
1429	2.433142828
1430	0.000000000
1431	91.766838370
1432	1.020200995
1435	2.347931561
1436	1.125770799
1438	1.344478746
1439	0.855599475
1441	0.524729214
1442	0.937614579
1443	0.318140356
1444	0.260947829
1448	1.122297936
1449	0.733767731
1450	0.649359417
1453	1.230831572
1454	0.528900208
1455	0.472127901
1456	0.734011037
1457	0.901003263
1459	0.360632803
1460	0.087440798
1461	1.130957941
1462	1.852358670
1463	0.756427725
1465	0.921407216
1466	0.796063934
1467	0.196857423
1468	1.295288306
1469	1.229766918
1471	0.443510476
1472	1.150630814
1473	0.427959412
1474	0.496724487
1477	0.664351369
1478	0.493757410
1479	1.043245581
1480	0.371074523
1481	0.829505845
1483	0.275815072
1484	1.035682514
1485	0.471575866
1486	0.600888384
1487	0.236267051
1489	0.581528871
1490	0.954126757
1491	0.646362365
1492	0.667790855
1493	0.701748333
1495	0.000000000
1496	1.024256367
1497	0.647820988
1498	1.753740617
1499	0.161700093
1501	0.761923739
1502	0.648618397
1503	0.909406789
1504	0.474247597
1505	0.000000000
1507	0.563198876
1508	2.136837189
1509	0.778781737
1510	1.175947929
1511	1.233000976
1513	0.446315160
1514	0.951077780
1515	1.818056133
1516	0.518689969
1517	0.000000000
1519	1.183889542
1520	0.781335778
1521	2.695872737
1522	0.579961009
1526	1.243003222
1528	1.243757212
1529	0.000000000
1531	0.499638600
1532	0.625607353
1533	0.859281947
1535	0.000000000
1537	0.513238718
1538	1.153930411
1539	1.938233872
1540	0.771786603
1541	0.000000000
1543	0.663956365
1544	0.344827343
1545	0.307400896
1546	0.449912484
1548	0.000000000
1549	0.928327127
1550	1.188929787
1551	1.214767263
1552	0.704440365
1553	0.565411938
1554	0.000000000
1556	1.043443320
1557	0.222250407
1558	0.412414940
1559	0.000000000
1560	0.000000000
1561	2.929455966
1562	0.763477405
1563	1.115723441
1565	0.794200741
1566	0.000000000
1568	0.806401967
1569	0.651553940
1570	0.517492018
1571	1.397057051
1572	0.000000000
1573	1.756517476
1574	0.792510468
1575	1.690500467
1577	0.355758091
1579	0.715280236
1580	0.000000000
1581	0.609292646
1582	0.339457320
1583	0.879945289
1584	0.000000000
1585	0.723662356
1587	0.307488957
1588	0.404436602
1589	1.259642703
1590	0.000000000
1591	0.000000000
1592	0.553726778
1593	3.316454263
1595	0.572135539
1597	3.249365596
1600	0.000000000
1601	0.000000000
1602	0.000000000
1603	0.728409303
1604	0.936491479
1606	0.694656101
1608	0.000000000
1611	0.237309739
1612	0.999311015
1613	0.223638603
1614	0.000000000
1615	0.887765728
1617	0.450338710
1618	0.569198381
1619	0.628414667
1620	0.000000000
1621	1.787678713
1622	0.747361776
1623	0.129688349
1624	0.000000000
1625	0.710592122
1627	0.000000000
1628	0.000000000
1629	0.424125961
1631	0.674706483
1632	0.000000000
1633	0.947850635
1634	0.446453718
1636	0.401257182
1638	0.000000000
1639	0.904241475
1640	1.022103010
1641	0.409570113
1642	1.596367341
1643	0.882175368
1645	1.707152811
1646	1.508787056
1648	0.264066510
1649	0.879614231
1652	0.591305604
1653	6.630036652
1655	0.329893379
1656	0.000000000
1657	5.999549137
1659	0.603972061
1660	0.854661659
1661	0.000000000
1663	0.402881865
1664	0.452181218
1665	0.351190221
1666	0.282463726
1667	1.267560267
1668	0.000000000
1670	0.000000000
1672	0.699690564
1673	0.561941931
1674	0.000000000
1676	0.000000000
1677	0.472378320
1678	0.916283809
1679	0.702622625
1680	0.000000000
1681	0.921093426
1682	1.439788476
1683	0.526813982
1685	0.968277996
1686	0.000000000
1687	0.000000000
1688	0.984729027
1689	0.723983419
1690	1.087202315
1691	1.171646134
1692	0.000000000
1693	0.751979183
1694	1.281724773
1695	0.472342393
1696	0.517445586
1697	0.000000000
1698	0.000000000
1699	1.310159195
1700	0.788406069
1701	0.404509662
1702	0.530699749
1703	1.106479543
1705	1.414084051
1706	1.633497267
1707	0.424305762
1711	1.254233532
1712	0.016070599
1713	0.394462951
1714	1.635939413
1715	0.800876271
1717	1.051017710
1718	0.829352064
1719	1.230258820
1720	0.276021821
1721	0.410055197
1723	0.676774332
1724	1.703644083
1725	1.111263791
1726	0.489760473
1727	0.394191451
1729	0.331821209
1731	0.134429062
1732	0.578517563
1733	0.247374296
1735	0.769839727
1736	0.747799165
1737	0.732274138
1738	2.327986396
1739	1.093143604
1741	0.967536675
1742	0.571228898
1743	0.878652851
1744	0.975419754
1747	0.949066605
1748	0.617148924
1750	1.139164975
1751	0.588643843
1753	0.791478344
1755	1.043925590
1756	1.188854195
1757	5.301468357
1759	0.789346784
1760	1.750612156
1761	0.243722306
1765	0.385565611
1766	1.466846855
1767	0.739176658
1768	0.474544228
1769	2.706679677
1772	0.381156710
1773	0.282199320
1774	1.019957860
1775	0.571096318
1777	1.225343200
1778	0.404487757
1779	0.469238653
1781	0.977587515
1783	0.736429898
1784	0.420925653
1785	0.675470508
1786	0.414330098
1787	0.778690646
1789	1.431328432
1790	0.820372556
1791	0.950027088
1792	0.891805490
1795	0.632768349
1796	0.872446093
1797	0.354957897
1798	0.965120375
1801	0.833330539
1802	0.664510445
1803	44.118607160
1804	0.943363956
1807	0.641594979
1808	0.320384988
1809	0.745281956
1810	1.235646212
1811	0.000000000
1814	0.339499846
1815	0.622749920
1816	0.302177009
1817	0.000000000
1819	0.913713416
1820	0.365049392
1821	0.639568026
1822	1.017819383
1823	0.000000000
1825	0.343289815
1826	4.919154997
1827	0.670379451
1828	0.474719984
1832	1.155089635
1834	0.987639421
1836	0.000000000
1837	0.772896797
1838	1.017183007
1839	0.728018260
1840	0.400122269
1841	0.096250011
1842	0.000000000
1844	0.000000000
1845	0.195975345
1846	0.822299077
1847	0.307786764
1848	0.000000000
1849	0.362035342
1850	0.576986564
1852	0.466341380
1853	0.188101069
1854	0.000000000
1855	0.000000000
1856	0.759211377
1857	2.716501974
1859	0.229901826
1861	3.005308149
1862	1.516530056
1863	0.000000000
1865	0.795059415
1868	0.810430811
1869	0.139495951
1870	0.752954278
1871	0.287361824
1872	0.000000000
1874	0.000000000
1875	0.492376867
1876	0.609494442
1877	0.954818607
1878	0.000000000
1880	0.067405257
1881	0.614972618
1882	1.016138129
1883	0.611646524
1886	0.246274776
1887	0.537700821
1888	0.000000000
1889	0.447626410
1890	0.000000000
1891	0.432089741
1892	0.311315283
1893	0.456923827
1894	0.642048326
1895	0.364325570
1898	0.000000000
1899	0.346793872
1900	0.000000000
1901	0.951017239
1902	0.000000000
1903	0.079077171
1904	1.304061101
1906	0.826614197
1907	0.000000000
1909	0.452473012
1910	0.647593918
1911	0.274180715
1912	0.397627612
1913	0.258634172
1914	0.000000000
1915	0.593024874
1917	0.403873545
1918	0.737739130
1919	0.000000000
1921	0.167466730
1922	0.595084441
1923	0.143559763
1924	0.346464477
1925	0.364895942
1926	0.000000000
1927	1.302152292
1928	1.037236332
1929	0.530337146
1930	0.356405009
1933	0.565830977
1934	0.290511950
1935	1.035096655
1936	0.851742116
1937	0.000000000
1939	0.954874688
1940	0.792826391
1941	0.076333978
1942	0.879655659
1945	0.328148141
1946	0.963031105
1947	0.465474051
1948	0.000000000
1949	0.000000000
1953	1.050473882
1955	0.000000000
1957	0.439556083
1958	1.276472164
1959	0.557461103
1961	0.000000000
1963	0.596053146
1965	1.313145055
1966	1.170452117
1967	1.185695965
1968	0.000000000
1969	0.453107296
1970	0.714641180
1971	0.312190657
1972	0.916173431
1973	0.000000000
1975	0.842197356
1977	0.697831114
1978	1.737367081
1979	1.831123705
1980	0.000000000
1981	0.686141541
1982	0.395180206
1983	0.739533804
1985	0.000000000
1987	0.602921960
1988	0.472076997
1989	0.983541280
1993	0.808703163
1994	3.074083199
1995	1.438088949
1996	0.780358397
1999	2.443993958
2001	1.027634225
2002	1.563620577
2005	4.534820071
2006	1.068697246
2007	0.153476366
2008	1.079391576
2012	0.756192618
2014	2.506801458
2015	1.772612004
2017	0.082554437
2018	0.059789879
2019	0.425559087
2020	0.125728017
2021	0.073394948
2023	1.502688783
2024	0.754224602
2025	0.715655521
2026	3.217889668
2030	1.855537739
2031	0.894048214
2032	0.957141637
2035	0.380305887
2036	1.340201651
2037	1.034778704
2041	0.931328698
2042	0.526500060
2043	0.882098321
2044	0.952957929
2047	0.866694975
2048	0.407298195
2049	0.921977256
2050	0.383345647
2053	0.699994481
2054	0.324352525
2055	1.375534828
2056	0.553186674
2059	1.314220959
2061	1.524299055
2062	3.191189603
2065	2.829729655
2066	0.839643038
2067	0.461738379
2068	0.289093498
2071	1.300101097
2072	0.861169641
2073	1.239310727
2074	0.698915558
2077	0.571162509
2078	0.545875550
2079	0.710532702
2080	1.613262028
2083	0.434695776
2085	10.055113110
2086	0.305927581
2090	1.044376271
2091	0.812813449
2095	1.688766896
2096	0.714829949
2097	1.545338150
2098	1.512439944
2101	0.167353917
2102	0.748492930
2107	0.843362876
2109	0.504430759
2113	0.724271087
2114	1.421631290
2115	1.332376247
2116	0.371052596
2119	0.684959190
2121	0.427756323
2122	0.693879759
2123	0.000000000
2125	24.105080440
2127	0.111888392
2128	0.860290848
2129	0.000000000
2131	0.000000000
2133	0.347753460
2134	0.088692409
2135	0.000000000
2137	0.837457019
2139	0.655615593
2140	1.424050335
2141	0.000000000
2143	1.273067709
2144	2.578599443
2145	0.268736571
2146	0.551480073
2147	0.000000000
2149	1.414876517
2150	1.203430648
2151	1.167999042
2152	0.659364171
2155	0.841043708
2156	0.416335757
2157	0.571906954
2159	0.000000000
2161	3.073321164
2163	0.494299783
2164	1.214956437
2165	0.000000000
2167	1.196848542
2169	0.672677331
2170	0.627908838
2171	0.000000000
2173	0.976741120
2174	0.231226455
2175	0.455409308
2176	0.914483198
2177	0.000000000
2179	0.650261216
2180	0.674532913
2181	0.000000000
2183	0.000000000
2186	0.422423579
2187	3.716226197
2188	0.263430950
2191	0.512293333
2192	0.558182665
2194	0.483083396
2195	0.000000000
2198	0.592734781
2200	0.546506966
2201	0.000000000
2203	1.746457419
2204	0.501328064
2205	0.177861895
2206	1.073792334
2207	0.000000000
2210	0.655747787
2211	0.000000000
2212	0.314923500
2213	0.000000000
2215	1.987592006
2216	0.573309720
2218	0.756073845
2221	1.151306168
2223	0.269045840
2227	1.053616834
2228	0.539492829
2229	6.724622028
2230	1.597152125
2231	0.000000000
2233	0.604632347
2235	0.278305946
2236	0.803068412
2237	0.000000000
2239	0.615119913
2242	0.999309825
2243	0.000000000
2245	0.393150633
2246	0.777909509
2247	0.144977241
2248	1.725415226
2249	0.000000000
2251	0.574174230
2252	1.732597367
2253	0.322764512
2254	3.163135140
2255	0.000000000
2257	0.905606403
2259	0.000000000
2261	0.000000000
2266	0.468596343
2267	0.000000000
2269	0.938606219
2270	1.015878008
2271	0.116930930
2273	0.000000000
2276	1.196355979
2277	0.791903826
2278	0.816572400
2281	1.749786036
2282	0.753196165
2283	13.173450790
2284	2.401022012
2287	1.031420716
2288	0.300108831
2289	0.176252340
2290	0.582629773
2293	0.185091446
2294	0.941229403
2295	0.959898250
2296	0.396867499
2299	0.496789933
2300	0.678608386
2301	0.902128558
2302	2.002668032
2305	0.258576186
2306	0.928183393
2307	0.242952748
2308	0.194371430
2309	0.378915648
2310	0.331498773
2311	0.222025658
2312	0.147339102
2313	1.169709419
2314	0.875349034
2316	0.479725465
2317	0.643234510
2318	0.254835662
2319	0.941389149
2320	1.262021067
2321	0.849470204
2323	0.163830070
2324	0.284392060
2325	0.880833491
2326	0.000000000
2327	0.383369186
2328	0.645158281
2329	0.803063710
2330	0.167932845
2331	0.258260990
2332	0.530287171
2333	0.887343307
2334	0.122526693
2335	0.464967113
2336	0.370813328
2337	0.600302236
2339	1.342214113
2340	0.761128629
2341	0.744385823
2342	0.388239620
2343	1.262178820
2344	1.029541246
2345	1.112678711
2348	0.240113053
2349	0.527901896
2350	0.728833564
2353	1.636060695
2354	0.272686615
2355	0.281853999
2356	1.146438519
2357	0.591440077
2359	0.123035450
2360	2.186845770
2361	0.972493692
2362	0.889269705
2365	1.039753954
2366	2.749504231
2367	0.450709589
2368	0.390594536
2371	2.021422027
2372	0.263168462
2373	0.162752909
2374	0.080858908
2375	0.165023729
2376	1.360310556
2377	0.202953968
2378	1.378208000
2379	0.000000000
2383	1.885179813
2384	0.343020218
2385	0.528351209
2386	0.545357545
2387	0.463695324
2389	0.575765285
2390	1.065926464
2391	0.377401259
2392	1.328605017
2395	1.817821282
2396	0.992144188
2397	0.906320685
2398	21.362264490
2399	0.138314784
2401	1.442869829
2402	0.710666363
2403	0.830340108
2404	1.057476936
2405	0.307937675
2407	0.794419677
2408	0.816547602
2409	0.575636948
2410	0.687485821
2412	0.153352606
2413	0.954656308
2414	0.548368936
2415	1.315877170
2416	0.933183851
2417	0.558001921
2418	0.000000000
2419	2.290838035
2420	0.907452503
2421	0.310041585
2422	0.922656405
2423	0.925719290
2424	0.519718001
2425	2.209068984
2426	0.447945745
2427	0.664185722
2428	0.685283490
2429	0.986941275
2430	0.223429081
2431	0.000000000
2433	0.583822231
2434	0.398454455
2435	1.322925040
2437	0.000000000
2438	0.447200533
2439	0.381146213
2441	0.554168498
2443	0.669376059
2445	2.557572877
2446	0.385031476
2447	0.200178513
2448	0.827730692
2449	0.491456313
2451	0.630623705
2452	0.372775714
2453	0.940833362
2455	0.529228237
2456	0.852070817
2457	1.091274048
2458	0.852523418
2460	1.340160181
2461	0.937012244
2462	0.000000000
2463	7.563474473
2464	0.503414317
2466	0.562514351
2467	0.642602017
2468	0.364990282
2469	0.729557191
2470	0.271092649
2471	0.000000000
2472	3.626761827
2473	0.425859179
2474	3.707077822
2476	0.631420177
2477	1.040413623
2478	0.317118862
2480	0.324398209
2481	0.402213428
2482	0.453753961
2483	1.663245016
2484	0.573187229
2485	0.552429508
2486	0.530597241
2487	0.211098191
2488	0.388789091
2489	0.705644780
2490	0.745836738
2491	0.560844463
2492	0.000000000
2493	0.944492523
2494	10.485866800
2496	0.458958194
2497	0.300875957
2499	0.000000000
2500	0.000000000
2501	0.644829526
2502	0.000000000
2503	0.092753851
2504	0.189661067
2505	0.255129057
2506	0.327367909
2507	0.453916909
2509	0.000000000
2510	0.173153093
2511	0.735145469
2512	0.000000000
2513	0.676973231
2514	0.000000000
2515	0.287186919
2516	13.659223810
2518	0.752143861
2519	0.337634124
2520	0.106406140
2521	0.648422261
2522	0.154815081
2523	0.570929421
2524	0.371178827
2525	0.880850331
2526	0.628791308
2527	0.974933968
2529	0.825035771
2530	0.731999099
2531	0.514142411
2532	0.000000000
2534	0.232336475
2535	0.601322949
2538	0.224021193
2539	0.325870223
2540	0.890995963
2541	0.961328875
2542	0.898068273
2545	0.000000000
2547	0.000000000
2548	0.175091416
2549	1.028294173
2550	0.000000000
2552	1.072173027
2554	1.026009952
2555	0.057274767
2556	0.000000000
2557	0.412129230
2559	0.370684441
2560	0.418632618
2561	0.517429939
2562	0.000000000
2563	0.778239076
2564	0.368492272
2565	0.000000000
2566	0.764099489
2567	0.992050762
2569	0.181399831
2570	3.613167452
2571	1.063546886
2572	1.289357819
2573	0.551577874
2575	0.532784932
2576	0.751121800
2577	2.249019788
2578	0.896768544
2579	0.467665368
2580	0.259969467
2581	0.256381485
2582	0.944413614
2583	0.315724864
2584	0.798496487
2586	1.513686376
2587	0.193895708
2588	0.533849847
2589	0.232234683
2590	0.991338797
2592	0.637912651
2593	0.242697475
2594	0.245727273
2595	0.355998848
2596	0.129428082
2597	0.566109947
2600	0.504619769
2601	0.246603482
2602	0.493974637
2603	0.818884460
2605	1.963437421
2606	0.502647562
2607	0.637713682
2609	1.144977434
2611	1.419241153
2612	0.503489261
2613	0.767819061
2614	0.575367929
2617	0.701695598
2618	0.747417786
2619	0.605585101
2620	0.000000000
2621	0.764135749
2623	0.936023820
2624	0.934946340
2625	1.207847758
2627	0.126309009
2629	0.350795761
2630	0.113839350
2631	0.689149921
2632	0.610190991
2633	0.949352683
2635	0.678535051
2636	1.966078748
2637	1.743049003
2639	0.666952565
2641	0.644585506
2642	0.393122307
2644	0.444432276
2645	0.974925622
2647	0.469566699
2648	0.674619671
2649	0.959023470
2650	0.924426613
2651	0.504160542
2653	5.584918765
2654	0.754321690
2655	0.695810032
2656	0.684758533
2657	0.560516697
2659	0.101529769
2660	0.272798163
2661	0.071945680
2662	0.761213686
2663	0.121455875
2665	19.862567490
2666	0.948958322
2667	1.634671025
2668	0.973341933
2669	0.800800777
2671	1.527329336
2672	0.423153037
2673	0.285333628
2674	0.354214022
2677	19.748561930
2678	0.459656658
2679	0.396901216
2680	0.493899582
2681	0.433241885
2683	1.048250487
2684	0.313971677
2685	0.833780836
2686	0.508557360
2687	0.444127887
2689	20.862352310
2690	0.866514794
2691	0.022165589
2692	2.676314062
2693	0.968037830
2696	1.458877702
2697	0.536158304
2698	0.730083270
2699	0.499906044
2701	0.885364507
2702	0.235395469
2703	0.458994242
2704	0.857223766
2705	0.251210808
2706	0.753665111
2708	4.545050344
2709	16.770063110
2711	0.967156147
2712	0.205538106
2713	0.714477597
2715	0.483688437
2716	0.914998218
2717	1.265717216
2718	0.253473441
2719	0.845992304
2720	0.010347687
2721	15.233881180
2723	1.133679065
2724	0.868141344
2725	0.193342165
2726	0.320186997
2727	0.345272337
2728	0.203590404
2729	0.275869813
2731	0.766534379
2732	0.651669721
2734	1.050375644
2735	0.571890155
2736	0.000000000
2738	0.434624558
2739	0.492422160
2740	2.611148120
2742	0.274027743
2743	0.419797082
2744	0.348371368
2745	0.941955422
2746	0.868058191
2747	0.454954966
2748	0.000000000
2750	0.391723935
2751	0.239608674
2755	1.093113698
2756	0.689370240
2757	1.401075622
2758	4.022186751
2759	0.394704765
2760	0.585665368
2763	0.080679594
2764	0.347924512
2765	0.910822544
2767	0.792288001
2768	18.458839370
2769	0.711894645
2770	0.236967965
2771	0.344301874
2772	0.421577471
2773	0.448425060
2774	0.774938324
2775	0.000000000
2776	0.243231866
2777	2.404984528
2779	0.533046300
2780	1.082106688
2781	0.151421769
2782	0.329307527
2786	0.627865950
2787	0.444826848
2789	1.073012683
2790	0.000000000
2791	0.547368738
2792	0.884558140
2793	0.782157329
2795	1.348828201
2797	0.548200170
2798	0.492679400
2799	0.584237662
2800	0.288000600
2801	0.663381644
2802	0.374834949
2803	0.836511258
2804	0.368046675
2807	0.558672992
2808	0.509001537
2809	0.828278831
2810	5.657355450
2811	0.351291228
2812	0.896855818
2813	0.000000000
2814	0.458343854
2816	0.841913752
2817	0.947094699
2818	0.461169329
2819	0.514516470
2820	0.205895999
2821	0.707613759
2822	1.295874958
2823	0.845223180
2824	0.809831926
2825	0.203354179
2826	0.000000000
2827	0.000000000
2828	1.303626486
2829	1.353708113
2830	0.819357246
2831	0.533850128
2832	0.000000000
2835	0.976498126
2836	0.740054167
2837	0.185366131
2838	0.000000000
2840	0.970644684
2842	0.496421406
2843	0.260117547
2848	0.538593012
2850	0.000000000
2851	1.618089723
2852	0.586409194
2853	0.654461823
2854	1.145556887
2855	0.368251187
2857	2.039951573
2859	0.875066865
2860	0.674419879
2861	1.134313196
2863	0.764478724
2864	0.506232940
2865	0.000000000
2866	0.770096471
2867	1.534293492
2869	34.313445170
2870	0.269984492
2871	0.259556518
2872	0.285238195
2873	5.027536126
2875	0.609619215
2877	1.123350898
2878	1.313018843
2879	1.165699681
2881	36.117897300
2882	0.000000000
2883	0.000000000
2884	0.000000000
2885	0.000000000
2887	0.655565045
2888	0.746143846
2889	0.633450113
2890	0.743938008
2891	9.688204676
2894	0.522263580
2895	0.791313301
2896	0.510061788
2897	0.681672674
2899	1.247611818
2900	0.652352257
2901	0.430999213
2902	0.946770430
2903	0.362289783
2905	0.899605074
2906	0.554387637
2908	0.345207425
2909	0.234088340
2911	0.310103374
2912	1.375529874
2913	0.252939424
2914	1.008976845
2915	0.366517949
2917	0.000000000
2918	1.029747017
2919	0.845298207
2920	0.764240119
2921	1.036282197
2923	0.720464375
2924	0.553069585
2925	0.325706744
2926	0.582957691
2927	1.624619628
2929	0.102528250
2930	0.804978848
2931	0.614238793
2933	0.271118075
2935	0.987580091
2936	0.186577639
2937	1.151451002
2938	0.728508553
2939	0.480290491
2941	0.599751871
2943	0.318523017
2944	0.350334328
2947	0.334658584
2948	0.795983873
2949	0.365761705
2950	0.223796949
2951	0.345526444
2953	0.825415094
2954	0.779985191
2955	0.000000000
2956	9.191942424
2957	1.199992233
2959	0.000000000
2960	0.441590256
2961	0.549448415
2962	0.633452814
2963	4.287096670
2965	0.709869362
2966	1.008705257
2967	0.246478077
2968	0.618210898
2969	0.455422138
2971	0.962294431
2972	0.980406627
2974	1.213976759
2975	0.509110185
2977	0.439899838
2978	0.357986529
2979	0.656811840
2980	0.891640948
2981	0.469951280
2985	0.977332737
2986	0.346222540
2987	1.176806399
2988	0.000000000
2989	24.786335540
2991	0.360626655
2992	0.306120119
2993	0.000000000
2994	0.000000000
2995	0.946709901
2996	1.000307302
2997	0.887095660
2998	0.000000000
2999	1.082570433
3000	0.000000000
3002	0.721546382
3003	0.861107112
3004	0.200566135
3005	0.323412743
3006	0.000000000
3007	0.860575437
3008	1.152214189
3009	0.964510726
3010	0.097569448
3013	0.531062984
3015	0.453131287
3016	0.402685391
3017	0.691048303
3019	0.505303125
3020	1.095637920
3021	0.284306411
3022	0.116114418
3023	0.425657223
3025	0.398388593
3026	3.793371625
3027	1.218273165
3029	0.537040454
3030	0.000000000
3032	2.416556648
3033	0.664648978
3035	0.541641318
3036	0.000000000
3037	0.548895783
3038	1.153080844
3039	1.289498278
3041	2.929242205
3042	0.000000000
3043	0.874670403
3044	1.161794709
3045	0.580341893
3047	0.622422156
3048	0.000000000
3049	0.420456160
3051	0.671005976
3052	0.406452051
3053	1.108698546
3054	0.000000000
3055	0.000000000
3056	1.251953338
3057	0.384163159
3062	1.118432890
3064	0.342896585
3065	0.000000000
3066	0.005898907
3067	0.514075832
3068	1.401990208
3070	0.193489399
3071	0.960536255
3073	1.117175500
3074	0.916543675
3075	0.879667781
3076	1.043814659
3078	0.000000000
3079	9.561600498
3080	0.217094482
3081	0.614444784
3082	2.081948856
3083	0.361441888
3085	0.905437757
3086	0.915381646
3088	0.317576404
3089	1.182964890
3090	0.000000000
3091	0.577949459
3092	0.902979233
3093	0.562586399
3094	0.000000000
3096	0.000000000
3098	0.939725344
3099	19.520830240
3100	0.643098301
3101	1.278964296
3102	0.000000000
3103	0.858078215
3104	0.947357377
3106	0.150798999
3107	1.126017931
3108	0.000000000
3110	1.099442075
3111	0.346232288
3112	0.356006289
3113	0.470413120
3114	0.000000000
3115	0.842645602
3119	0.764041092
3120	0.000000000
3121	0.609187795
3122	1.184681137
3123	1.317306290
3124	0.606241082
3125	0.632993283
3127	0.682552226
3128	1.186536370
3129	0.000000000
3130	0.236424725
3131	2.224012650
3132	0.000000000
3133	0.466388417
3135	0.517424121
3136	0.260909304
3137	1.192085969
3138	0.000000000
3139	2.483870114
3140	0.582844766
3141	0.919236884
3142	1.513920448
3143	1.030818054
3145	16.795120530
3146	0.000000000
3147	0.397415463
3148	1.022270111
3149	1.279801231
3151	1.641468827
3152	0.515158783
3153	0.920907602
3154	0.487073102
3157	1.763243079
3158	0.727390700
3159	0.554940405
3160	0.778847795
3161	1.155550644
3163	1.572472682
3164	1.485783012
3166	1.284318734
3167	0.505798737
3170	2.565362172
3171	0.981248973
3172	0.245912626
3173	0.036054842
3175	1.741036633
3176	0.756893521
3177	1.723721957
3178	0.580559298
3179	0.835159300
3181	0.845222126
3182	1.633656650
3183	0.814647288
3185	0.983455638
3187	1.962769750
3188	0.805446647
3189	0.706069441
3190	2.570276715
3191	0.671720405
3193	0.649810839
3194	0.585566842
3195	0.388347457
3196	0.275965720
3199	0.345686216
3200	1.663156375
3203	1.132062241
3205	0.881193973
3206	0.817669414
3207	2.060512975
3208	0.585378266
3209	0.364164445
3211	0.571102204
3212	0.442957088
3213	0.298156586
3214	0.000000000
3215	66.037138190
3217	1.596349108
3218	0.335440033
3219	1.149957588
3223	2.500937752
3224	1.162690635
3225	0.713275057
3226	0.768737117
3227	0.467414315
3229	1.430845454
3231	0.699005306
3233	0.663491365
3235	0.332603496
3236	1.241375262
3237	0.134398532
3238	0.190757962
3239	0.494875780
3241	0.601047124
3242	1.466443697
3243	0.702111424
3244	0.303364455
3245	0.268886914
3247	1.258636533
3249	0.451656286
3250	0.483414987
3251	0.635643117
3253	1.061800332
3254	1.841405950
3255	0.156747958
3256	0.152922858
3257	1.356515871
3259	1.019949644
3260	0.712030100
3261	1.047376397
3262	1.909860478
3263	0.406216186
3265	0.714611134
3266	1.117037394
3267	0.785919867
3268	0.221005075
3269	1.297062277
3271	0.826290250
3272	0.483385089
3273	0.563369195
3274	0.334871177
3275	0.306659929
3276	0.000000000
3277	1.236234813
3279	1.166843704
3280	0.194566416
3281	0.430739372
3282	0.000000000
3283	1.263953527
3284	0.573954408
3286	0.453228384
3287	0.000000000
3288	0.000000000
3289	1.138131477
3292	0.403359445
3293	1.171295817
3294	0.000000000
3295	1.114428700
3297	0.544808373
3298	0.669374965
3300	0.000000000
3303	0.660371903
3304	0.480375033
3307	0.662513704
3308	0.369830239
3309	0.259401478
3310	0.304826124
3311	0.544908738
3312	0.000000000
3313	1.340310687
3314	0.714188846
3315	0.504533789
3316	0.146820829
3317	0.485046897
3318	0.000000000
3319	1.072020786
3320	1.023864413
3322	0.261156992
3323	0.444840208
3324	0.000000000
3325	0.673428694
3326	0.000000000
3327	1.679199601
3328	0.192254692
3329	0.560131849
3330	0.000000000
3331	1.014113087
3332	0.734147959
3336	0.000000000
3337	1.370277976
3338	1.133167167
3339	1.081217836
3340	0.107513862
3341	1.229707929
3342	0.000000000
3343	1.178457352
3344	0.724023377
3346	1.009393525
3347	0.430749882
3348	0.000000000
3349	1.150266430
3351	0.421810430
3352	0.164022966
3354	0.000000000
3356	21.764366250
3358	0.120262969
3359	0.522039733
3361	0.821466366
3362	1.005865662
3363	0.571210411
3364	0.381731242
3365	0.351992241
3367	0.345530790
3368	1.502786673
3369	1.198113040
3370	1.583927785
3371	0.720511956
3373	1.764936720
3374	1.140301136
3379	0.874755634
3380	0.854321854
3381	0.000000000
3382	0.272576257
3383	0.524647431
3384	0.000000000
3385	0.559626586
3386	0.994682604
3387	1.336347153
3389	0.346787074
3390	0.000000000
3392	0.580809458
3393	0.000000000
3394	0.230448116
3395	0.197762697
3398	0.665741100
3399	0.914992113
3400	0.268407794
3401	0.000000000
3404	0.000000000
3405	0.000000000
3406	0.266774263
3407	0.270525323
3408	0.000000000
3409	0.636206733
3410	1.108186574
3411	0.322992550
3412	0.974935163
3413	1.233650646
3415	1.026945505
3416	0.571389946
3417	0.000000000
3418	0.379428223
3419	0.346208301
3420	0.000000000
3421	0.956008020
3422	0.000000000
3423	0.207105027
3424	0.300119835
3425	0.460300807
3426	0.000000000
3427	0.477359557
3428	1.075809451
3429	0.494304357
3430	0.409426976
3431	0.445789945
3434	0.677834989
3435	0.607048917
3436	0.264861346
3437	0.457079176
3439	1.023704578
3440	0.879621413
3441	1.376068260
3442	0.987270150
3443	0.461076166
3445	1.476542882
3446	1.228330813
3447	1.614163693
3448	1.374864612
3451	1.413988683
3452	2.850692762
3453	1.256244189
3454	1.004626312
3455	0.940983320
3457	0.647405408
3458	0.341539104
3459	0.594685431
3460	0.409223962
3461	0.090402046
3463	0.534993209
3464	0.924836509
3465	2.981820016
3466	6.198483813
3469	0.733932499
3470	0.259351111
3471	0.823755382
3472	0.659959519
3473	0.334515474
3476	0.796794112
3477	1.212564619
3478	0.250898640
3479	0.505316857
3481	0.602990881
3482	0.385679061
3483	0.111156103
3484	0.325056849
3485	0.250559162
3487	0.576215798
3488	1.247846406
3489	0.854518062
3491	1.084303601
3493	0.274820911
3494	1.223476366
3495	0.899569060
3496	0.416191396
3497	0.953796724
3499	51.080991710
3500	0.231355511
3501	0.081870366
3502	0.194623709
3503	3.372932276
3505	0.515496257
3506	0.489555290
3507	0.574738709
3508	0.203099467
3509	0.187466078
3511	0.845402860
3512	0.731195500
3513	0.501421791
3514	0.347279841
3515	8.839561075
3517	0.000000000
3518	0.750228968
3519	1.277592235
3520	0.777336627
3521	0.299468744
3523	0.357612055
3524	1.626553035
3525	0.201033412
3526	0.425824966
3527	0.614346955
3529	25.768635480
3530	0.366321299
3531	1.680405630
3532	0.395088495
3533	2.002018799
3535	0.778549234
3536	0.870987508
3537	1.148584876
3538	0.397295042
3542	0.652965742
3543	1.240653321
3544	0.463309004
3545	0.741083284
3547	0.485508370
3548	1.276046549
3549	0.671634206
3553	4.205278623
3554	0.000000000
3555	0.109856333
3556	0.228137803
3557	47.974610790
3560	0.804509863
3561	0.612671434
3562	0.544943371
3564	0.000000000
3568	0.126702944
3569	0.249194822
3570	0.000000000
3571	0.827428856
3572	0.928222655
3574	0.205691452
3575	0.161151552
3577	0.666138379
3579	0.620219065
3580	0.000000000
3581	0.000000000
3582	0.000000000
3583	0.913367452
3584	0.734026329
3585	0.510328444
3586	0.238230597
3587	0.000000000
3588	0.000000000
3589	0.898367018
3590	0.762474026
3592	0.546598226
3593	0.546551327
3595	0.927473473
3596	0.798795614
3597	0.151719561
3598	0.258005512
3600	0.000000000
3601	1.140067534
3602	1.378663230
3603	0.986895298
3604	0.221791001
3606	0.000000000
3608	2.503436395
3609	0.246340187
3611	0.869605990
3612	0.000000000
3613	2.424007612
3614	0.420221013
3615	0.834773042
3616	0.359467618
3617	1.129391840
3618	0.000000000
3621	0.326027410
3622	0.516684237
3623	0.000000000
3624	0.000000000
3626	0.942320053
3627	0.129085796
3628	0.558563033
3629	0.763357487
3630	0.000000000
3631	1.646120246
3633	0.240466190
3634	0.202946863
3635	0.282239190
3637	0.462198699
3638	0.765290120
3640	0.354050364
3641	0.302218749
3642	0.000000000
3643	0.912877564
3644	0.808679292
3645	0.000000000
3646	0.646460483
3647	1.498460457
3648	0.000000000
3649	1.143102001
3650	0.343399540
3651	0.356463329
3652	0.000000000
3653	0.000000000
3654	0.000000000
3655	0.823021435
3656	20.186690800
3658	0.671580387
3659	0.722398221
3662	1.304932024
3664	0.747509433
3665	0.856754413
3666	0.000000000
3667	0.603122729
3669	0.680008797
3670	0.467792367
3671	0.363326205
3674	1.271735607
3675	0.630143889
3676	0.320253414
3678	0.000000000
3680	0.674209863
3681	0.135119348
3682	0.812478587
3684	0.000000000
3686	1.224431946
3687	0.747590300
3688	0.703957743
3691	0.298177916
3692	0.721995577
3693	0.654322671
3694	0.485554568
3695	0.975800919
3696	0.000000000
3698	1.156974056
3699	0.674746497
3700	0.788063668
3701	0.723747206
3702	0.000000000
3705	0.168010631
3707	0.985548527
3708	0.000000000
3709	1.011068028
3710	4.518014318
3711	0.515271314
3712	0.729522278
3713	0.538243157
3714	0.000000000
3715	0.679148404
3716	0.693195429
3718	0.417718744
3719	1.185506287
3721	1.306191627
3722	1.513397837
3723	1.127118476
3724	0.215846695
3725	3.024534566
3727	0.000000000
3728	0.511309205
3729	1.024262375
3730	0.847694948
3731	0.531280424
3733	2.847306911
3734	0.993552832
3735	0.252694025
3736	0.783122017
3737	0.777445022
3739	1.168875825
3740	0.416665603
3741	0.891988436
3742	5.762193425
3743	0.146742511
3745	0.515121769
3746	0.231643814
3747	0.900761025
3748	0.434485264
3749	0.387587333
3751	1.074284155
3754	2.337843847
3755	1.172348408
3757	0.971069795
3758	0.484932551
3759	0.588814338
3760	0.431697555
3763	1.234006155
3764	0.727289706
3766	0.222818050
3767	0.730909764
3769	0.893551886
3771	0.101644554
3773	17.290512880
3775	0.475611819
3776	1.024733265
3777	0.536585418
3778	0.128862601
3779	0.972576345
3781	1.196975437
3782	1.591833877
3783	0.663021755
3785	0.314817843
3787	0.840578368
3788	0.544337792
3789	0.488457890
3790	0.088980189
3791	0.906772111
3794	0.000000000
3795	0.790680735
3796	0.758286947
3797	0.576826955
3799	0.648420631
3800	0.712302922
3801	0.512322670
3802	0.302027146
3803	1.143109259
3806	0.669195530
3807	0.717588054
3808	0.322798010
3809	0.299606455
3811	0.745457703
3813	0.265838133
3814	0.276822842
3815	0.000000000
3817	0.741010792
3818	0.223482648
3819	0.447560508
3820	0.428166338
3821	0.774404242
3823	0.587266443
3824	0.456166334
3825	4.532369121
3829	1.087276493
3830	0.811619259
3831	0.385830513
3832	0.216752001
3833	0.339987693
3835	0.701450828
3837	1.031551817
3838	0.495620620
3841	1.710455108
3842	0.354130289
3843	0.485758128
3844	0.337232100
3845	1.563772505
3848	0.742661341
3849	0.509063019
3852	0.000000000
3853	0.189525733
3854	2.378258711
3855	0.616176664
3856	0.077647736
3857	0.784144339
3859	0.863972364
3860	0.536117953
3861	0.225231375
3862	0.079603705
3863	0.317682965
3864	0.000000000
3865	1.444979324
3866	0.840305555
3867	0.112810359
3868	0.215447167
3870	0.000000000
3872	0.735269906
3873	0.330924584
3874	0.346839117
3875	0.272719430
3876	0.000000000
3877	1.173573302
3878	1.055373730
3880	0.609847790
3881	0.374513451
3883	0.656380058
3884	2.312505458
3885	0.703021459
3886	0.121540267
3887	0.296677695
3890	0.799003482
3891	0.404092220
3892	0.209966287
3893	0.546998274
3894	0.000000000
3896	0.654679070
3897	1.710574709
3898	0.408172156
3900	0.000000000
3902	0.285058443
3903	0.251837193
3904	0.192823477
3905	0.290780117
3907	0.985872026
3908	1.031931469
3909	0.565262288
3910	0.130942261
3911	0.693746183
3914	0.000000000
3915	0.803823383
3916	0.331401233
3917	0.426844477
3918	0.000000000
3921	0.466537933
3922	0.509942637
3923	0.585266938
3926	1.542056488
3928	0.412323607
3929	0.674695501
3930	0.000000000
3931	0.650518261
3933	0.396151053
3934	0.255118751
3936	0.000000000
3938	0.000000000
3939	0.150139040
3940	0.547172340
3941	0.556456116
3942	0.000000000
3943	1.160764280
3944	0.826684080
3945	0.225529181
3946	0.000000000
3947	1.316779649
3949	1.044589797
3950	0.722015229
3951	0.538871297
3952	0.227236338
3953	0.703054557
3954	0.000000000
3955	1.848301439
3956	0.000000000
3957	0.107504757
3958	0.396592131
3959	0.414895438
3960	0.000000000
3961	1.477980418
3963	0.088426560
3964	0.533765451
3965	0.000000000
3966	0.000000000
3968	0.545454018
3970	0.205571160
3974	0.403983511
3975	0.793488740
3977	3.062174370
3978	0.000000000
3979	0.904967627
3980	0.933692537
3981	0.178347285
3982	0.763819056
3983	0.000000000
3985	1.012469266
3986	0.846649736
3987	0.529914239
3989	0.504759849
3990	0.000000000
3992	0.817970064
3995	0.911866764
3996	0.000000000
3999	0.427738739
4000	0.106048043
4001	0.675968513
4002	0.000000000
4003	0.622007826
4004	0.958625202
4005	1.605053286
4006	0.369072703
4009	0.459758898
4010	0.622246696
4012	0.381472347
4013	0.639824503
4015	1.381422597
4016	0.794697611
4018	0.168677543
4021	0.895649370
4022	0.280629994
4023	0.856656585
4024	0.304347888
4025	0.566724731
4027	1.025988876
4028	0.843529294
4029	1.164843431
4030	1.917686349
4031	0.615087963
4034	0.614339546
4035	0.180015833
4036	0.389586320
4037	0.565823461
4039	2.163694388
4040	1.359053700
4041	0.775465545
4042	0.665972384
4043	0.475521829
4045	1.387097026
4046	0.725478083
4047	0.494781713
4048	0.534681618
4049	0.445231742
4051	0.317128244
4052	0.838619217
4053	0.973064864
4054	0.655293948
4055	0.860883493
4057	0.762344194
4058	1.158145279
4060	0.417287207
4061	0.102239394
4063	0.430389696
4064	1.232078115
4065	1.634735458
4066	0.905983402
4067	0.678842019
4069	0.638638159
4070	0.947386028
4071	0.595920311
4072	0.349294063
4073	1.004064923
4075	0.657099992
4076	0.392203906
4077	1.011662198
4078	0.713737943
4081	0.621047324
4082	1.514219442
4083	0.878596980
4084	0.512048854
4090	0.493446435
4091	1.815537941
4093	0.451946123
4094	0.620160702
4095	0.769125522
4096	0.637694884
4097	2.007806194
4099	0.275384670
4100	0.307028276
4102	0.356111661
4105	1.184274889
4107	0.168952061
4108	0.338157627
4109	0.443739124
4111	0.751399355
4112	1.542744446
4113	0.972141875
4114	4.257333308
4117	0.695100512
4119	0.357419318
4121	0.676738332
4123	0.165925336
4124	0.994143095
4125	17.448715750
4126	0.478114860
4129	0.703647756
4130	1.795212091
4131	0.761151133
4132	0.274248698
4133	0.000000000
4136	0.939729188
4137	0.208297549
4139	0.000000000
4140	0.000000000
4141	0.851344698
4142	1.122037158
4143	0.372166834
4144	0.000000000
4145	0.149700598
4146	0.000000000
4148	0.511536032
4149	0.317422996
4150	0.302896801
4151	0.554433151
4152	0.000000000
4153	1.000281403
4154	0.897016026
4155	0.563352218
4156	0.000000000
4158	0.000000000
4160	0.706178764
4162	0.280516936
4165	1.293717099
4166	0.819977512
4167	0.438392985
4168	0.755656418
4169	0.499102190
4171	17.524082910
4173	1.104288693
4174	0.161346722
4175	1.362465500
4176	0.000000000
4177	1.212221963
4178	0.650155325
4179	0.398835008
4180	0.508018429
4181	0.461997356
4182	0.000000000
4183	3.334187647
4184	0.563132679
4185	0.800057286
4186	0.332702325
4187	2.393039943
4188	0.000000000
4189	3.740779662
4190	0.601216095
4191	2.365749419
4193	0.331220287
4194	0.000000000
4195	0.816210331
4196	0.385090829
4197	0.724733817
4199	0.629746052
4200	0.000000000
4201	0.986799192
4202	0.984778019
4203	0.227871562
4204	0.256190844
4205	0.000000000
4207	0.349103006
4208	0.880218562
4209	0.461970423
4210	0.439426249
4212	0.000000000
4213	1.103685638
4214	1.095419991
4215	0.648556120
4217	0.444294531
4218	0.000000000
4219	0.720109990
4220	0.592866636
4221	0.599730739
4222	0.188865048
4223	1.793522362
4224	0.000000000
4226	1.058579843
4228	0.644487956
4229	0.000000000
4230	0.000000000
4231	0.036505611
4232	7.575150102
4233	0.441250254
4234	0.942571075
4238	0.349682860
4239	0.316823268
4240	0.229949662
4241	0.781279659
4244	1.005231718
4245	0.288837121
4246	0.730347097
4247	0.534851939
4248	0.000000000
4249	1.980713322
4250	0.932372506
4251	0.155997942
4252	0.272115876
4253	0.397995879
4255	0.948086130
4256	0.921411247
4257	0.681740895
4258	0.247175987
4259	0.180738049
4261	0.740676829
4262	0.904629133
4263	0.000000000
4264	0.247294070
4265	0.802955395
4266	0.000000000
4268	1.784747187
4269	0.292586178
4270	0.698017827
4271	0.794089001
4272	0.000000000
4273	0.647949735
4274	0.455694365
4275	0.267567305
4276	0.286338751
4279	0.973558398
4280	1.483457904
4281	0.511035634
4282	0.247133422
4283	1.301994135
4284	0.000000000
4285	0.283011101
4286	0.703261302
4287	0.243172920
4288	0.327081709
4289	0.956881667
4290	0.000000000
4291	0.928902067
4292	0.544456574
4293	0.427606049
4294	0.676936972
4295	0.888999960
4297	0.808048086
4298	0.426439016
4299	1.380980985
4300	0.000000000
4303	0.853251860
4304	0.562749632
4305	0.178053670
4306	3.116356031
4307	0.691016774
4309	0.297666952
4311	0.678560558
4312	0.890235327
4313	0.447554474
4315	5.629993559
4316	0.389380644
4317	0.406264316
4318	0.598759802
4319	0.764000449
4321	0.452186048
4322	0.000000000
4323	0.504723933
4324	0.548840951
4325	0.000000000
4327	0.442818151
4328	0.999091477
4329	1.665768399
4330	0.632880450
4331	0.652260534
4333	0.261509480
4334	0.514121237
4335	0.973272021
4336	2.098089599
4337	0.967026562
4339	0.000000000
4340	0.443384166
4341	0.765051987
4342	0.429934324
4343	0.563297150
4345	1.419497739
4346	0.369387859
4347	0.646816484
4348	12.695486250
4349	0.244640621
4351	2.806937240
4352	0.733637337
4355	2.479404178
4357	0.478938490
4358	0.114721251
4359	0.882877433
4360	28.794074600
4361	1.278772205
4363	1.219546100
4364	0.733100339
4366	1.122184201
4367	1.198638589
4369	0.765209281
4370	2.003328728
4371	1.440756563
4372	0.729833190
4373	7.041592270
4375	0.778748172
4376	0.743640927
4377	1.112112331
4378	0.351799723
4379	0.666091499
4381	3.954992823
4383	0.643577410
4384	0.988609019
4385	5.540973424
4387	0.549138629
4389	0.820821984
4390	0.646445265
4391	0.986143071
4393	0.674727467
4394	1.470872900
4395	0.476015065
4396	0.591189240
4397	0.525223172
4399	6.420094540
4400	0.606260623
4402	1.020734363
4403	2.337921762
4405	0.897775915
4407	1.092874570
4408	0.591689443
4409	1.645494585
4411	0.000000000
4412	0.920965192
4413	0.757884796
4414	0.573861479
4415	2.029992131
4418	1.392905731
4419	0.576002536
4420	1.036251923
4421	0.451961027
4424	1.140955394
4426	1.123811609
4427	0.320457392
4428	0.000000000
4430	0.145920157
4431	0.262065641
4432	0.863121807
4434	0.000000000
4435	0.326564165
4436	1.133146818
4439	0.694456469
4440	0.000000000
4442	0.000000000
4443	1.423421719
4444	1.992597259
4445	0.437160953
4446	0.000000000
4447	0.000000000
4449	0.630492171
4450	1.351569906
4451	0.683998131
4452	0.000000000
4453	0.956404086
4454	0.896750938
4455	0.575639618
4456	1.112441266
4457	2.634533341
4459	0.972301268
4461	0.004668159
4462	0.502377651
4463	0.000000000
4464	0.000000000
4466	5.920620271
4468	0.307750042
4469	0.255380788
4470	0.000000000
4473	0.627099785
4475	0.000000000
4476	0.000000000
4478	1.290045960
4479	1.534686720
4480	0.304475138
4481	0.418937538
4482	0.000000000
4483	0.000000000
4484	0.179245556
4486	0.460703744
4487	0.739545688
4488	0.000000000
4489	1.041826456
4490	1.148282043
4491	0.536711504
4492	0.185618916
4493	0.270940823
4494	0.000000000
4496	0.158565994
4497	0.382675199
4498	0.392036613
4499	0.000000000
4500	0.000000000
4501	0.452575904
4502	1.516865705
4503	0.573489072
4504	0.135501626
4505	0.000000000
4506	0.000000000
4508	0.309033399
4509	0.106272985
4510	0.682443322
4511	0.186830805
4512	0.000000000
4514	0.344830684
4515	0.819628114
4516	0.148804206
4517	0.528013796
4518	0.000000000
4519	1.375076538
4520	1.633585217
4521	1.175681120
4522	0.748836045
4523	5.057766777
4525	0.000000000
4526	0.754064978
4527	1.088831678
4528	0.000000000
4529	0.294391222
4531	1.483841369
4532	0.869061821
4533	0.684595035
4534	0.100358362
4536	0.000000000
4537	2.020741297
4538	1.414686719
4539	0.458696695
4540	0.000000000
4541	0.570908064
4542	0.000000000
4543	2.487045308
4544	1.377704685
4545	1.189086874
4547	0.255373967
4548	0.000000000
4550	0.600583377
4552	0.427822486
4553	0.572033414
4554	0.000000000
4556	0.470513636
4557	0.383440726
4558	0.376083278
4560	0.000000000
4562	0.796068229
4563	0.212770887
4564	0.548971816
4565	0.470649222
4566	0.000000000
4567	0.000000000
4568	1.337208129
4570	0.136272573
4571	0.602668290
4572	0.000000000
4575	0.043226860
4576	0.388495085
4577	0.000000000
4578	0.000000000
4579	0.311187464
4580	0.883269643
4582	1.611811904
4583	0.612378922
4585	1.130288480
4586	4.831855271
4587	0.524351523
4588	1.107104192
4589	3.568682446
4591	0.512545094
4592	0.781279688
4593	0.902677555
4594	0.772159945
4595	1.207953040
4597	0.603956924
4598	0.309823839
4599	0.799185220
4601	0.989443670
4603	0.841940135
4604	0.770978187
4605	0.289821242
4607	1.240425010
