Reporter Identifier	VALUE
1	0.135613155
2	0.229348175
3	0.170077634
4	0.533932673
5	0.000000000
7	1.250677943
8	0.721465464
9	1.363277160
10	3.185197532
11	0.232509190
13	0.185420250
14	1.140116556
15	0.420339357
16	0.880753686
17	1.005748047
19	0.348921251
21	0.829357810
22	0.601625256
23	2.084047082
25	0.186129404
26	0.463987132
27	1.550976677
28	1.281284801
29	0.273946166
31	0.172588023
32	1.081110404
34	0.774366458
35	0.650570673
37	0.342340378
38	0.965506212
39	0.542711171
40	0.319642379
41	0.958454104
43	0.557072827
44	0.960892069
45	0.778530864
46	1.073113715
47	0.615191600
49	0.022209962
50	6.543520591
51	1.287122659
52	0.669747896
56	0.457155529
57	1.323788740
58	0.567975699
59	0.565269758
61	0.303444504
62	0.987316629
63	0.559650083
64	0.793087807
67	0.863683146
68	0.139196259
69	0.232943476
70	0.401714694
71	0.405720578
73	0.331056079
74	0.537576500
75	0.928929624
76	0.813196985
77	3.362369555
79	0.242146708
80	0.748132371
81	0.861377866
82	1.454431412
83	0.338323138
85	3.852756715
86	1.366490633
87	0.264861225
88	0.705655875
91	0.251843630
92	0.689894631
94	1.150583859
98	0.648212402
99	0.495387844
100	0.519170215
101	0.413043652
103	0.545521672
104	0.295465906
106	0.111802842
107	0.850688168
110	1.063783072
111	1.332572914
113	0.219756450
116	0.484601895
117	0.228659733
119	0.571516769
121	1.257247376
122	0.658920949
123	0.000000000
124	0.938958454
125	0.712574194
126	0.000000000
128	1.514913861
131	0.000000000
133	2.596368734
134	0.229984937
135	0.487828989
136	0.199666443
137	0.225966774
139	0.679226441
141	1.565197299
142	0.287635236
143	0.627297978
144	0.000000000
149	0.645885196
151	0.426883945
152	0.948741167
153	0.836363694
154	0.365228386
155	0.605184060
156	0.000000000
157	0.878577865
158	0.321491901
159	2.174076545
160	3.613682048
161	0.312385085
162	0.000000000
163	0.604267174
166	1.133184926
167	0.809657460
168	0.000000000
169	0.537280342
170	0.000000000
171	1.014713653
172	0.577485484
173	0.691839959
174	0.000000000
175	0.874161232
178	0.441010833
179	0.263615811
183	0.574177105
184	0.000000000
185	6.995294199
190	0.440182098
191	0.730642226
192	0.000000000
194	0.377926373
195	0.642780023
196	0.894976568
197	0.687040378
198	0.000000000
199	0.133585835
200	0.244706283
201	0.387893866
202	0.599129016
203	0.191462488
205	0.586620009
206	0.805378835
207	0.755660883
208	0.000000000
209	0.000000000
210	0.000000000
211	0.591128824
212	0.772164365
213	1.076578337
214	0.909199404
215	0.419537103
217	1.817921222
219	0.854852394
220	0.948874395
221	0.177194128
222	0.000000000
223	0.450386112
224	0.000000000
225	1.054781044
227	0.659710302
230	1.824288431
232	1.298671376
233	0.200218101
234	0.000000000
235	0.611526864
236	0.949571047
237	1.067399574
238	1.384634901
239	0.298694896
243	0.000000000
244	2.003676526
245	0.972498215
246	0.000000000
247	0.862193224
248	0.927820484
249	0.563703135
250	0.715424662
251	4.718206890
253	0.833070630
254	0.360592266
255	0.393725753
256	0.988627349
257	1.191313656
259	0.295883877
260	0.602678138
261	0.619738230
262	0.902601425
263	0.943375100
265	15.765032680
266	0.490863259
267	1.291898538
268	0.703216553
271	1.587097689
272	1.271472481
273	0.760699575
274	0.569235235
277	0.964799475
279	0.420902248
280	0.798424101
281	0.293843934
283	0.531827317
284	0.837377664
286	1.663168779
287	1.305187741
289	0.156802701
290	0.797637725
291	0.387634544
292	0.403680862
295	1.411562326
296	1.676894243
297	0.665686632
299	0.643957650
301	0.723793369
302	1.812441765
303	0.195841018
304	1.201498498
307	0.844571327
308	0.687864995
310	0.512006305
311	2.419105072
313	0.480731695
314	0.976691975
315	0.640751014
317	0.215511403
319	0.406414124
320	0.374907976
322	0.795611470
323	0.518097112
325	1.112528948
326	0.442276622
327	0.741594614
328	1.288871204
329	1.064382014
331	0.703909913
332	0.658202463
333	0.777226119
334	0.556213020
335	0.957237044
337	0.749233175
338	0.543811921
339	1.094713114
343	1.330226863
344	1.096719820
345	0.136193638
347	0.303256241
349	1.076964877
350	0.471473169
351	0.862593616
352	0.643774218
353	0.658013962
355	0.765327009
356	0.825546924
357	1.373702510
358	1.533346790
359	1.216790646
361	0.377127037
363	0.000000000
364	0.695388877
365	0.573020839
368	0.520838015
369	1.928635418
370	0.738731461
371	6.396472771
373	0.644886440
374	0.479715999
376	6.493885159
377	0.531022316
379	1.186385285
380	0.758980829
381	0.736360565
382	0.775945364
386	1.415522542
387	0.674056866
388	0.920294640
392	0.637192145
393	0.459502557
394	0.528612823
395	0.911112753
396	0.000000000
398	0.638786976
399	0.651900156
400	0.330218966
401	1.113647401
402	0.000000000
403	0.791975969
404	0.659900864
406	0.523698502
407	0.382660049
408	0.000000000
409	0.688346380
410	1.367138083
411	2.017718937
412	0.104302089
413	0.439359525
414	0.000000000
415	0.702196512
416	0.407520901
417	0.389340625
418	0.000000000
419	0.638199766
420	0.000000000
421	1.387597515
422	0.870849972
423	0.849876371
424	0.320955998
425	0.566360520
430	0.248735838
431	0.516417487
432	0.000000000
434	0.691233109
435	0.447979226
436	0.502693595
437	0.293306140
439	1.207884612
440	0.742728813
442	0.992142150
443	0.330352359
444	0.000000000
447	0.339896126
448	0.000000000
450	0.000000000
451	0.504545074
453	1.845100150
454	0.311289130
456	0.000000000
457	2.857698670
459	0.615010142
460	0.263142707
461	0.170236351
464	0.858645967
465	0.468705439
466	0.143162301
468	0.000000000
469	0.975235972
470	0.000000000
471	0.459447531
472	1.786141306
473	0.963245434
474	0.000000000
476	0.871462824
477	0.565653366
478	0.000000000
479	0.504344811
480	0.000000000
482	0.968596195
484	0.089318029
485	0.534784538
486	0.000000000
487	1.443402143
488	1.615471800
489	0.897198219
490	0.428563048
491	0.555587237
494	0.668730459
495	0.000000000
497	0.405295157
500	1.339602261
501	0.759835025
502	0.155836774
503	0.315496755
504	0.000000000
505	0.000000000
507	0.118470390
508	0.246325839
509	0.239744148
511	0.536650772
512	0.180820454
513	19.004155870
514	0.150880393
515	0.249657501
516	0.000000000
518	0.826533774
519	0.196451423
520	0.221724127
524	1.194061607
525	0.957655347
526	0.638633829
527	1.051248859
528	0.000000000
529	0.903101604
530	0.468823854
531	0.404001044
532	0.219446353
533	0.165668090
534	0.000000000
539	0.939904267
540	0.000000000
542	0.646074273
544	0.229506216
545	0.655162212
546	0.000000000
547	1.602055291
548	0.606158270
549	0.177681800
550	0.841708687
551	0.441852647
553	1.848804077
554	0.380544304
555	1.064836345
556	0.842603975
557	0.517607838
559	1.115485576
560	0.922142899
561	1.372568993
562	0.302542825
563	1.855518632
565	1.483850154
566	3.051689954
567	0.780363130
568	0.805096239
569	1.690332547
571	1.547523931
573	0.894408550
575	1.305665286
577	6.526358784
578	0.877252952
579	0.304625422
581	0.709460064
583	0.821643121
584	0.470920521
585	0.791593079
586	0.139149019
587	0.700171427
589	1.597106005
590	0.987342809
591	0.654983957
592	0.537539559
593	1.407982080
595	1.903888625
596	0.341040750
597	0.172372893
598	1.041790129
599	1.337129329
601	1.285769389
602	0.979542850
605	1.104623906
607	0.867223834
608	0.241865540
609	0.544545811
610	1.900715235
611	0.462429156
613	1.178473018
614	1.001473957
615	0.575020500
616	0.742980600
617	0.726100110
619	0.955973798
620	0.055025446
621	20.566434740
622	1.080094522
623	0.300912101
625	1.832697755
626	1.295367803
627	0.250840719
628	0.602274578
629	0.873957226
631	0.937930759
632	1.113937061
633	0.000000000
635	0.224328663
637	0.561040044
638	2.205133827
639	0.292223827
640	0.530882504
641	0.546423810
643	2.758516906
644	0.688183030
645	1.053563121
646	0.976656057
647	0.497571932
649	1.556982582
651	1.089372887
652	0.548597635
653	0.376251795
655	0.853308707
656	0.951727751
657	0.514989090
658	0.470387290
659	0.287261532
661	1.186329315
662	1.711426589
664	2.177073388
665	1.081631334
668	1.412460464
671	0.716222505
674	0.722305661
676	0.415015856
677	0.566594782
679	0.734347071
680	1.030661655
681	0.610025103
683	0.531023463
684	0.000000000
686	1.299139581
687	0.608740971
688	0.306838334
689	0.887383937
690	0.000000000
691	0.791967642
693	0.000000000
694	0.373624466
695	0.528207936
696	0.000000000
698	1.097967121
699	0.368998210
701	0.351248301
702	0.000000000
704	0.781579444
705	1.032669229
706	0.265788361
707	0.524066003
708	0.000000000
709	1.835437856
710	0.419659131
716	1.104176486
717	0.466839955
718	0.273447899
719	0.591481215
720	0.000000000
723	0.453539723
725	0.590880636
726	0.000000000
728	0.704393695
729	0.572762125
730	0.404946415
732	0.000000000
733	9.992542047
734	1.285975422
735	0.472499525
736	0.481770305
737	0.293064441
738	0.000000000
739	0.813735798
740	1.223235739
741	0.728384872
742	0.212322028
743	0.287535174
744	0.000000000
746	0.606244801
747	0.710704781
748	0.584385106
749	10.119427520
750	0.000000000
751	1.448392443
752	0.860939978
753	0.333745324
755	0.557805158
757	0.728164662
758	1.652207243
759	0.668930294
760	0.429161397
761	0.000000000
763	1.362769619
764	0.826460909
765	0.530221238
766	0.132418669
767	1.330628698
770	1.206935647
771	0.880155192
772	0.183816380
773	0.453012415
774	0.000000000
775	0.914124359
777	0.827220446
778	0.405151455
779	1.202640429
781	1.522063148
782	1.046821142
783	0.799224442
784	0.143176184
785	0.902838336
786	0.000000000
787	0.544354976
789	0.864493123
790	0.596496335
791	0.638746139
793	0.896675733
794	0.419936527
795	1.037643189
797	0.194495065
799	1.280805293
800	1.252916260
802	0.345851483
803	0.421516692
804	0.000000000
805	0.544943691
806	1.405372867
807	0.506637331
808	0.362310682
809	0.000000000
810	0.000000000
811	32.635344330
812	0.572622615
813	0.245798995
814	0.201763007
815	0.364790323
816	0.000000000
818	0.359735631
819	0.730293618
820	0.259181299
821	1.791018119
823	1.244037475
824	1.485342901
825	0.574556486
826	0.310590228
827	0.320873474
829	1.756503131
830	0.000000000
832	0.293149257
833	0.000000000
835	1.533722808
836	1.309413681
837	0.419416359
838	1.546529429
841	2.302774745
842	0.767131523
843	0.482458784
844	0.895891286
845	1.631829978
847	1.273408638
848	1.139532155
849	0.886414704
850	1.004150234
851	0.785443816
853	1.015129931
854	1.073948459
856	1.809774391
857	0.866929761
859	0.744661415
860	0.781188040
862	0.341133792
863	0.187097591
866	0.270256552
867	0.100986034
868	0.329120903
869	0.783076151
872	1.220648946
873	0.961707560
874	8.428589465
875	2.153180986
877	0.523037735
878	1.051430023
879	0.387665357
880	0.976345058
881	0.997042419
883	0.578470319
884	4.623911126
885	5.821310545
886	4.635964245
887	0.344875129
889	0.392105509
890	1.694590848
891	0.622093045
892	1.067793890
893	6.204886569
896	1.721212509
897	0.810420950
899	0.689258145
901	1.402387321
902	1.005508431
903	1.163991304
905	0.410718608
909	0.776568933
910	28.986693510
911	1.169540122
913	0.895530194
914	1.006057820
915	0.897067715
916	0.776022940
917	0.729609718
919	1.325179570
920	0.966665782
921	1.107750115
922	5.254287152
923	0.874784353
925	0.528003811
926	0.803778308
927	0.306784925
928	0.335368831
931	0.827204506
932	1.242508803
933	1.453455374
934	0.384792313
937	0.815074720
938	1.592539888
939	1.117118941
940	1.213207187
941	0.454427991
943	0.740263868
945	0.811968825
946	0.260284486
949	0.688119206
950	0.600687917
951	0.625427884
955	1.614554229
956	0.880638921
957	2.130396718
959	1.812516306
961	0.995484116
962	0.702038341
963	0.700647585
964	1.759125821
965	1.164023082
968	1.276246170
969	0.862402185
970	2.885843130
971	0.000000000
973	1.319861769
974	1.067508013
975	0.231092783
976	0.650425526
977	0.632763776
981	0.000000000
982	0.476066556
983	0.794011596
985	4.138888044
986	0.755913984
987	0.929932252
989	1.391943734
992	0.551279003
993	1.086231201
995	0.390794721
996	0.000000000
997	0.943163985
998	0.546524597
999	0.757230686
1000	1.371067641
1004	0.564549617
1005	0.547036079
1006	0.146007531
1007	0.775822987
1009	1.641985076
1010	0.614729214
1011	0.372154904
1012	1.241897658
1016	0.000000000
1017	0.585675357
1018	0.068482420
1019	0.242385271
1023	0.379096799
1024	0.031064867
1025	0.522513406
1028	0.174082001
1029	0.000000000
1030	0.029656664
1031	0.845312037
1033	0.000000000
1034	0.000000000
1035	0.269076764
1036	0.343604423
1037	1.118684058
1040	0.457712835
1041	0.118312777
1042	0.130404209
1043	0.000000000
1045	0.902609560
1046	0.613724051
1047	0.294409443
1048	0.206785554
1049	0.916739018
1050	0.000000000
1051	0.690836555
1052	0.340058544
1053	0.315427082
1055	0.724741372
1058	1.876686752
1059	0.704656548
1060	0.204881582
1061	1.011181838
1064	1.319110706
1065	1.030768730
1066	0.931543618
1069	1.158230002
1070	0.758287906
1071	0.273878656
1072	0.449399806
1073	1.289922361
1075	1.409174188
1076	0.859091845
1077	0.659567598
1078	0.547151272
1079	1.030445744
1081	3.254598466
1082	0.507809304
1084	0.254897869
1085	2.512517455
1086	0.000000000
1087	1.193516545
1088	0.352282856
1089	0.357460062
1090	0.126333019
1091	0.622376343
1093	2.278740739
1094	1.421582545
1095	0.185038100
1096	0.523471577
1097	0.000000000
1100	1.185799030
1102	0.707633494
1103	1.275880828
1105	1.731883423
1106	1.087893014
1107	0.313923333
1108	0.371102815
1109	0.760602064
1110	0.000000000
1111	4.612144481
1112	0.609393685
1113	0.422411637
1114	0.513554179
1115	2.277555176
1117	1.974977458
1118	0.395781853
1120	0.450408480
1121	0.000000000
1123	1.445356506
1124	2.258345029
1125	0.778866893
1126	1.460433214
1127	1.508359929
1129	0.577962024
1130	1.227937732
1131	0.957483967
1132	1.944723446
1133	2.486636953
1135	1.612857585
1136	1.593880821
1137	0.706875848
1138	1.004605191
1139	0.558928167
1141	0.503480505
1142	1.235260044
1143	1.206500073
1144	2.489578736
1145	1.777648881
1147	0.902755180
1148	1.894287316
1149	0.462981193
1150	1.396579872
1151	0.872262959
1153	0.358424390
1154	0.354612886
1155	0.190424652
1156	1.664255393
1157	0.117903006
1159	5.605615871
1160	0.475201900
1161	0.389136516
1165	0.608967235
1166	0.534816313
1167	0.980609368
1168	1.167239727
1169	0.522679286
1171	0.830171274
1172	0.866357995
1173	0.829807000
1175	0.583560375
1177	0.526875067
1178	0.310398901
1179	1.705222702
1180	0.595130508
1181	0.402083264
1185	1.677867950
1186	0.064751137
1187	0.448309445
1189	1.094376946
1190	0.794188400
1191	0.909603847
1192	0.695934218
1195	0.436330812
1196	1.016224051
1197	0.957686156
1198	0.595672408
1199	0.380798508
1201	0.212843560
1203	0.628089539
1204	0.318576430
1207	1.030824029
1208	0.678564862
1209	0.619151173
1211	0.360333587
1213	0.734410122
1214	0.695829133
1215	0.433559296
1217	1.301599290
1219	1.379242234
1221	1.538994589
1222	0.751610919
1223	0.312647470
1226	0.976489295
1227	1.160999114
1228	0.164218333
1229	0.233198680
1231	0.852534998
1232	1.075990004
1233	1.049558597
1235	0.000000000
1237	1.033698408
1238	0.416241723
1240	0.680257275
1241	0.000000000
1243	0.809047546
1244	0.864296411
1245	0.985020638
1246	3.279547778
1247	0.000000000
1250	1.149323112
1251	1.185994407
1252	0.565766906
1255	2.329473329
1256	0.000000000
1257	0.316034977
1258	0.486698703
1259	0.469913824
1260	0.000000000
1261	1.174575918
1262	0.805099196
1263	0.093186137
1264	0.646244728
1266	0.000000000
1267	0.929131524
1268	0.711503090
1270	0.864940605
1271	1.274295621
1273	1.051578069
1274	0.000000000
1275	0.147390822
1276	0.519004561
1277	2.532818994
1278	0.000000000
1280	0.441090721
1281	0.260607727
1282	0.575158490
1283	0.787491740
1284	0.000000000
1285	1.580669598
1286	0.495838229
1287	0.853353606
1288	0.842112171
1291	1.726848459
1292	0.649397108
1293	0.353749819
1294	0.739077978
1295	1.058916340
1296	0.000000000
1298	0.075734282
1300	1.199008665
1301	0.783600630
1302	0.000000000
1305	0.208804777
1306	0.426582330
1307	0.468463287
1308	0.000000000
1310	0.498981263
1313	0.861077101
1314	0.000000000
1316	0.720539063
1317	0.236410768
1318	0.342977046
1319	1.243022087
1320	0.000000000
1322	0.524891762
1323	1.019971751
1325	0.748257121
1328	1.453287632
1329	0.225700067
1331	0.297304066
1332	0.000000000
1333	1.007431964
1334	0.327977369
1335	1.232250539
1336	0.851319207
1337	0.727600090
1341	0.346798111
1342	0.917973847
1343	1.376800068
1345	0.745874297
1346	0.751351422
1347	0.271510936
1348	0.000000000
1349	0.695215596
1350	0.000000000
1351	1.242634192
1352	0.751406996
1354	0.709478395
1357	0.600923917
1358	1.380293458
1361	0.000000000
1362	0.000000000
1363	0.911960073
1365	0.462482208
1366	0.291738708
1367	0.411057598
1370	1.052476181
1372	0.752751167
1373	0.333475722
1377	0.867879563
1380	0.000000000
1382	0.553524523
1383	0.198975658
1385	0.690735810
1386	0.000000000
1389	1.409847095
1390	0.408291449
1393	0.597615139
1394	1.193991835
1395	0.264268530
1396	0.248887107
1397	1.854667489
1400	0.354258457
1401	1.129177791
1402	0.406402388
1403	0.884899469
1404	0.000000000
1405	0.984878282
1406	1.268980284
1407	0.165537938
1408	0.530580001
1409	0.000000000
1411	1.241605570
1412	1.789156936
1413	0.664854656
1415	1.242096838
1417	1.123143707
1418	1.786347227
1419	4.940742283
1420	1.201342302
1421	0.212655222
1423	0.498390781
1424	0.857753448
1425	1.388211369
1426	0.890672394
1427	1.461389099
1429	2.578282847
1430	0.000000000
1431	95.635219250
1432	1.173380278
1435	2.148544868
1436	1.243007064
1438	1.318086591
1439	0.914209884
1441	0.571787396
1442	0.813880879
1443	0.234840474
1444	0.535685500
1448	1.222232873
1449	0.774468000
1450	0.661336694
1453	1.185429879
1454	0.572199517
1455	0.565918817
1456	0.672793373
1457	0.882777644
1459	0.348170067
1460	0.110386763
1461	1.220347624
1462	1.806319885
1463	0.852472505
1465	0.957870601
1466	0.872792737
1467	0.264914520
1468	1.212220862
1469	1.274271862
1471	0.475037452
1472	1.263310334
1473	0.423774525
1474	0.515182390
1477	0.700491708
1478	0.566508994
1479	1.108044159
1480	0.354154301
1481	0.830737124
1483	0.309542710
1484	1.093014259
1485	0.559818999
1486	0.636696432
1487	0.252745503
1489	0.549516525
1490	0.979902201
1491	0.700208727
1492	0.669657321
1493	0.747062394
1495	0.000000000
1496	1.125158275
1497	0.685774414
1498	1.742750857
1499	0.151706621
1501	0.779440468
1502	0.704323933
1503	0.882967701
1504	0.437590252
1505	0.000000000
1507	0.538064177
1508	2.005940743
1509	0.693496055
1510	1.199326815
1511	1.090807296
1513	0.466976567
1514	1.035081070
1515	1.833092283
1516	0.513045199
1517	0.000000000
1519	1.097099190
1520	0.806211959
1521	2.610318366
1522	0.554040331
1526	1.295268870
1528	1.220376770
1529	0.000000000
1531	0.456315462
1532	0.603796648
1533	0.886006913
1535	0.000000000
1537	0.545006810
1538	1.135420475
1539	2.010561823
1540	0.772138740
1541	0.000000000
1543	0.594632944
1544	0.383718980
1545	0.309137715
1546	0.447757607
1548	0.000000000
1549	0.817883309
1550	1.333171094
1551	1.220233745
1552	0.585504865
1553	0.599314453
1554	0.000000000
1556	1.171733629
1557	0.245002027
1558	0.394859982
1559	0.000000000
1560	0.000000000
1561	3.062069095
1562	0.788542931
1563	1.149195700
1565	0.844182217
1566	0.000000000
1568	0.776309588
1569	0.613958370
1570	0.472665512
1571	1.385990630
1572	0.000000000
1573	1.537241652
1574	0.663821984
1575	1.550951933
1577	0.364715197
1579	0.635898141
1580	0.000000000
1581	0.623339396
1582	0.303644869
1583	0.901458915
1584	0.000000000
1585	0.722556791
1587	0.267841410
1588	0.401559895
1589	1.326162214
1590	0.000000000
1591	0.000000000
1592	0.593732097
1593	3.320913333
1595	0.592124657
1597	3.232148203
1600	0.000000000
1601	0.000000000
1602	0.000000000
1603	0.733802332
1604	0.950058014
1606	0.659147588
1608	0.000000000
1611	0.289839044
1612	0.930063972
1613	0.278244692
1614	0.000000000
1615	0.845805864
1617	0.461927952
1618	0.511629692
1619	0.647544241
1620	0.000000000
1621	1.678212009
1622	0.758001869
1623	0.134482799
1624	0.000000000
1625	0.727172106
1627	0.000000000
1628	0.000000000
1629	0.502383705
1631	0.686557849
1632	0.000000000
1633	0.990029230
1634	0.497482391
1636	0.354645654
1638	0.000000000
1639	0.764775395
1640	0.814114767
1641	0.316590760
1642	1.614181053
1643	0.814495952
1645	1.703843305
1646	1.541265648
1648	0.248442224
1649	0.855286865
1652	0.605682438
1653	7.221651684
1655	0.314255372
1656	0.000000000
1657	6.139703126
1659	0.666785834
1660	0.866329936
1661	0.000000000
1663	0.437617142
1664	0.468607693
1665	0.367212834
1666	0.253477323
1667	1.397185102
1668	0.000000000
1670	0.000000000
1672	0.732922323
1673	0.630706753
1674	0.000000000
1676	0.000000000
1677	0.481608945
1678	0.882202049
1679	0.746883423
1680	0.000000000
1681	0.950118782
1682	1.443828295
1683	0.604679357
1685	0.985755349
1686	0.000000000
1687	0.000000000
1688	1.140617252
1689	0.774694293
1690	1.106274347
1691	1.101222272
1692	0.000000000
1693	0.759033285
1694	1.402193866
1695	0.533487002
1696	0.525894279
1697	0.000000000
1698	0.000000000
1699	1.161053105
1700	0.798048743
1701	0.388107325
1702	0.500968697
1703	0.988952393
1705	1.427581805
1706	1.590223195
1707	0.395869462
1711	1.153110225
1712	0.021136485
1713	0.385479746
1714	1.502329362
1715	0.808482291
1717	1.071905338
1718	0.859614927
1719	1.295871965
1720	0.227681277
1721	0.423723540
1723	0.676714740
1724	1.824171014
1725	1.220880847
1726	0.507276300
1727	0.434337717
1729	0.299199048
1731	0.099314815
1732	1.268562665
1733	0.190242031
1735	0.830472144
1736	0.813685882
1737	0.719815116
1738	2.121035176
1739	1.091427466
1741	1.017240432
1742	0.691490616
1743	0.990528193
1744	1.021231560
1747	0.980486685
1748	0.669118447
1750	1.148037117
1751	0.609511852
1753	0.740517982
1755	1.063521207
1756	1.226875188
1757	5.546767956
1759	0.892140322
1760	1.863013706
1761	0.263572408
1765	0.345830805
1766	1.621704040
1767	0.755896031
1768	0.445366783
1769	2.723359706
1772	0.420332664
1773	0.306077968
1774	1.010284541
1775	0.597346812
1777	1.206506483
1778	0.425094238
1779	0.514698168
1781	0.949373652
1783	0.723293789
1784	0.450601535
1785	0.671960281
1786	0.414617199
1787	0.817278436
1789	1.283608134
1790	0.820861117
1791	1.015971398
1792	0.856459972
1795	0.602762215
1796	0.864657426
1797	0.344935718
1798	1.013126711
1801	0.848160266
1802	0.711900685
1803	44.267539010
1804	1.064651138
1807	0.625408168
1808	0.339800727
1809	0.766883314
1810	1.274496748
1811	0.000000000
1814	0.353039414
1815	0.654896284
1816	0.302155843
1817	0.000000000
1819	0.890553979
1820	0.342974529
1821	0.739293858
1822	1.024594371
1823	0.000000000
1825	0.348653841
1826	4.871878539
1827	0.680990592
1828	0.480961711
1832	1.230501819
1834	0.914807516
1836	0.000000000
1837	0.765868796
1838	1.128775279
1839	0.758391070
1840	0.372544888
1841	0.130294723
1842	0.000000000
1844	0.000000000
1845	0.206594711
1846	0.829531554
1847	0.316355506
1848	0.000000000
1849	0.341176722
1850	0.546630124
1852	0.421879449
1853	0.198661157
1854	0.000000000
1855	0.000000000
1856	0.736539444
1857	2.925306276
1859	0.216958126
1861	2.516670674
1862	1.543435315
1863	0.000000000
1865	0.881736803
1868	0.854020798
1869	0.169374916
1870	0.777719324
1871	0.287634843
1872	0.000000000
1874	0.000000000
1875	0.505712844
1876	0.567643719
1877	0.957560986
1878	0.000000000
1880	0.099471194
1881	0.638334314
1882	0.997435573
1883	0.640259701
1886	0.261103904
1887	0.565177399
1888	0.000000000
1889	0.465756991
1890	0.000000000
1891	0.436220679
1892	0.316963352
1893	0.464905628
1894	0.614001966
1895	0.383427935
1898	0.000000000
1899	0.382408234
1900	0.000000000
1901	1.000855976
1902	0.000000000
1903	0.034276932
1904	1.307982535
1906	0.767715995
1907	0.000000000
1909	0.418280720
1910	0.710634280
1911	0.274665276
1912	0.448595027
1913	0.267875170
1914	0.000000000
1915	0.588073680
1917	0.457014742
1918	0.714930970
1919	0.000000000
1921	0.201066080
1922	0.610159092
1923	0.172918556
1924	0.320809388
1925	0.365800946
1926	0.000000000
1927	1.283746540
1928	1.030256625
1929	0.499152427
1930	0.390472519
1933	0.548008244
1934	0.276252288
1935	1.003362629
1936	0.829331622
1937	0.000000000
1939	0.923689544
1940	0.845208284
1941	0.113528293
1942	0.961675458
1945	0.389620920
1946	1.060140201
1947	0.535698035
1948	0.000000000
1949	0.000000000
1953	1.154788127
1955	0.000000000
1957	0.439970205
1958	1.262247650
1959	0.612446860
1961	0.000000000
1963	0.625843694
1965	1.462486909
1966	1.205102553
1967	1.280906676
1968	0.000000000
1969	0.457627453
1970	0.638700522
1971	0.368777829
1972	0.902980536
1973	0.000000000
1975	0.837907225
1977	0.702171278
1978	1.780969532
1979	1.779043825
1980	0.000000000
1981	0.662692127
1982	0.392875975
1983	0.826112168
1985	0.000000000
1987	0.599611250
1988	0.447072865
1989	0.978009857
1993	0.782123663
1994	2.872344641
1995	1.526758831
1996	0.908141446
1999	2.359227166
2001	0.936335550
2002	1.483657460
2005	4.036809421
2006	0.887086682
2007	0.149063120
2008	1.073777899
2012	0.813122455
2014	2.496787921
2015	1.780266177
2017	0.086508624
2018	0.044498698
2019	0.256518159
2020	0.393474952
2021	0.008507875
2023	1.443678778
2024	0.759759318
2025	0.757298218
2026	3.307994457
2030	1.877210440
2031	0.983012904
2032	0.831670480
2035	0.402274745
2036	1.430857585
2037	1.189856634
2041	1.039067689
2042	0.612822595
2043	0.965060362
2044	0.963434518
2047	0.946399646
2048	0.485441042
2049	1.071300875
2050	0.348752119
2053	0.773451084
2054	0.358255502
2055	1.440506268
2056	0.535192688
2059	1.357235701
2061	1.622596376
2062	3.266632073
2065	3.121222327
2066	0.904731245
2067	0.553131495
2068	0.223866991
2071	1.516984318
2072	0.941119849
2073	1.434550862
2074	0.732040718
2077	0.638855301
2078	0.718416626
2079	0.780038628
2080	1.634056569
2083	0.458473203
2085	9.385300665
2086	0.328782006
2090	1.124011544
2091	0.793153649
2095	1.727536572
2096	0.784825677
2097	1.669920640
2098	1.432850070
2101	0.146835360
2102	0.809882479
2107	0.871976526
2109	0.524145856
2113	0.691949272
2114	1.397417916
2115	1.408036138
2116	0.373720963
2119	0.768930523
2121	0.536216114
2122	0.723420738
2123	0.000000000
2125	25.235816070
2127	0.221468997
2128	0.844601369
2129	0.000000000
2131	0.000000000
2133	0.437702904
2134	0.094765118
2135	0.000000000
2137	0.946932058
2139	0.694033685
2140	1.463607689
2141	0.000000000
2143	1.316435813
2144	2.692872576
2145	0.285969337
2146	0.503813076
2147	0.000000000
2149	1.236638314
2150	1.324746334
2151	1.063978798
2152	0.585522139
2155	0.894187175
2156	0.477992069
2157	0.621558484
2159	0.000000000
2161	3.400669412
2163	0.549646536
2164	1.267183607
2165	0.000000000
2167	1.152328613
2169	0.661797641
2170	0.632265384
2171	0.000000000
2173	0.938758684
2174	0.259200234
2175	0.517905679
2176	0.903233711
2177	0.000000000
2179	0.591399868
2180	0.746734478
2181	0.000000000
2183	0.000000000
2186	0.448986789
2187	3.818635413
2188	0.220033472
2191	0.560941340
2192	0.650462826
2194	0.517537741
2195	0.000000000
2198	0.598422115
2200	0.561578416
2201	0.000000000
2203	1.764055263
2204	0.611559982
2205	0.211910122
2206	1.155798763
2207	0.000000000
2210	0.701107816
2211	0.000000000
2212	0.305013497
2213	0.000000000
2215	1.925394545
2216	0.469376769
2218	0.785673317
2221	1.183367652
2223	0.287250693
2227	1.123325550
2228	0.516113201
2229	7.338928026
2230	1.601103517
2231	0.000000000
2233	0.621181669
2235	0.330965287
2236	0.773383810
2237	0.000000000
2239	0.621060908
2242	1.058986446
2243	0.000000000
2245	0.380262179
2246	0.772400275
2247	0.183569450
2248	1.733258073
2249	0.000000000
2251	0.510296314
2252	1.647093196
2253	0.329721351
2254	3.266099246
2255	0.000000000
2257	1.033308299
2259	0.000000000
2261	0.000000000
2266	0.438661069
2267	0.000000000
2269	0.898796079
2270	0.987837612
2271	0.105965879
2273	0.000000000
2276	1.045994547
2277	0.737793123
2278	0.904722277
2281	1.651450764
2282	0.726300995
2283	11.311157910
2284	2.506171646
2287	0.222757394
2288	0.041057677
2289	0.221475240
2290	0.190076388
2293	0.663657780
2294	1.013172180
2295	1.029066947
2296	0.759584636
2299	0.502484429
2300	0.725490425
2301	0.923520639
2302	2.114222913
2305	0.226904291
2306	0.922042714
2307	0.209843769
2308	0.232107047
2309	0.358211513
2310	0.309477024
2311	0.247463355
2312	0.170466328
2313	1.158181570
2314	0.856739156
2316	0.525437210
2317	0.648904380
2318	0.303515843
2319	1.006185491
2320	1.187893686
2321	0.826367422
2323	0.202601987
2324	0.304883233
2325	0.877689998
2326	0.000000000
2327	0.427077111
2328	0.691498935
2329	0.771697747
2330	0.201230040
2331	0.276236481
2332	0.497702605
2333	0.843875445
2334	0.110567061
2335	0.451185112
2336	0.419250215
2337	0.621346646
2339	1.331684773
2340	0.688214973
2341	0.732704641
2342	0.404868678
2343	1.347255324
2344	1.091753887
2345	1.120772585
2348	0.285899271
2349	0.537081247
2350	0.762681208
2353	1.659476017
2354	0.278964592
2355	0.309012384
2356	1.133333112
2357	0.599078546
2359	0.118157022
2360	2.124403573
2361	0.953572862
2362	0.870130321
2365	0.924017786
2366	2.788134895
2367	0.456878352
2368	0.354060049
2371	2.108036030
2372	0.281608936
2373	0.188020368
2374	0.080648539
2375	0.206228942
2376	1.403511562
2377	0.177011285
2378	1.498228248
2379	0.000000000
2383	1.802295665
2384	0.377259785
2385	0.555545620
2386	0.489869478
2387	0.500534282
2389	0.590090329
2390	1.123623440
2391	0.372027707
2392	1.344669389
2395	1.751360174
2396	1.025425097
2397	0.978775101
2398	20.898621690
2399	0.144951942
2401	1.573849967
2402	0.748059834
2403	0.785352184
2404	1.085828577
2405	0.338622276
2407	0.696824224
2408	0.910600867
2409	0.589199554
2410	0.627203213
2412	0.163778810
2413	0.903777166
2414	0.606919079
2415	1.395903600
2416	0.935562946
2417	0.562206408
2418	0.000000000
2419	2.308098536
2420	0.863818342
2421	0.383946033
2422	0.763437518
2423	1.041395814
2424	0.518082443
2425	2.524669633
2426	0.338952401
2427	0.698774755
2428	0.673116030
2429	0.953881643
2430	0.265320175
2431	0.000000000
2433	0.602377656
2434	0.361500725
2435	1.303083029
2437	0.000000000
2438	0.495234369
2439	0.407119890
2441	0.540274535
2443	0.684398290
2445	2.446656265
2446	0.370248968
2447	0.185260174
2448	0.832739092
2449	0.477540252
2451	0.609635390
2452	0.359483493
2453	0.947109195
2455	0.471654283
2456	0.875550637
2457	1.055040374
2458	0.873077353
2460	1.291530334
2461	0.891814685
2462	0.000000000
2463	7.128587149
2464	0.527757973
2466	0.555814544
2467	0.566048513
2468	0.381774207
2469	0.758501097
2470	0.277579840
2471	0.000000000
2472	3.104081670
2473	0.383538910
2474	3.409666380
2476	0.575637566
2477	1.016349775
2478	0.323432237
2480	0.355480133
2481	0.421161106
2482	0.408325273
2483	1.632620204
2484	0.566055183
2485	0.490763543
2486	0.555481680
2487	0.245399144
2488	0.411585252
2489	0.770064448
2490	0.729069230
2491	0.568453479
2492	0.000000000
2493	0.916609063
2494	10.219077530
2496	0.433106182
2497	0.334335509
2499	0.000000000
2500	0.000000000
2501	0.722072207
2502	0.000000000
2503	0.124408217
2504	0.155594342
2505	0.291607875
2506	0.425187659
2507	0.381017415
2509	0.000000000
2510	0.214731345
2511	0.802700705
2512	0.000000000
2513	0.677875782
2514	0.000000000
2515	0.299336013
2516	15.108113520
2518	0.711630277
2519	0.411666116
2520	0.066568579
2521	0.554880925
2522	0.148532327
2523	0.592059624
2524	0.382501868
2525	0.865007729
2526	0.600390662
2527	0.886018541
2529	0.927712380
2530	0.763775499
2531	0.527391060
2532	0.000000000
2534	0.250344021
2535	0.633687999
2538	0.213493362
2539	0.310820918
2540	0.897913815
2541	0.994043608
2542	1.043871937
2545	0.000000000
2547	0.000000000
2548	0.138491205
2549	1.066963286
2550	0.000000000
2552	1.086288112
2554	1.057310638
2555	0.045509866
2556	0.000000000
2557	0.407369133
2559	0.377921960
2560	0.397607857
2561	0.555866330
2562	0.000000000
2563	0.807499072
2564	0.435657294
2565	0.000000000
2566	0.808829832
2567	1.072201761
2569	0.217690463
2570	4.353652511
2571	1.154517134
2572	1.295581182
2573	0.564074867
2575	0.545196644
2576	0.824542438
2577	2.385049029
2578	0.871961778
2579	0.511754419
2580	0.225087737
2581	0.271471282
2582	1.122928800
2583	0.358094312
2584	0.776371571
2586	1.480496815
2587	0.201933651
2588	0.554667527
2589	0.233487441
2590	0.895658055
2592	0.612140454
2593	0.227753145
2594	0.459514533
2595	0.347878332
2596	0.161664814
2597	0.600301008
2600	0.585248254
2601	0.272218768
2602	0.491927453
2603	0.820144636
2605	2.023920083
2606	0.568884383
2607	0.598646874
2609	1.254912415
2611	1.464473053
2612	0.513595845
2613	0.794927291
2614	0.522656277
2617	0.657665859
2618	0.749267712
2619	0.625741416
2620	0.000000000
2621	0.737583261
2623	1.064313882
2624	0.839487032
2625	1.283473323
2627	0.133705881
2629	0.350478180
2630	0.125235049
2631	0.666673711
2632	0.597498347
2633	0.943217925
2635	0.622850959
2636	2.051082702
2637	1.747514577
2639	0.689251273
2641	0.598272602
2642	0.427565156
2644	0.386040310
2645	0.990725859
2647	0.452754548
2648	0.676472116
2649	1.060906929
2650	0.885506050
2651	0.454063056
2653	5.063459524
2654	0.792915797
2655	0.676436678
2656	0.619534207
2657	0.541498393
2659	0.100454865
2660	0.353448499
2661	0.080807400
2662	0.662055117
2663	0.110702841
2665	16.573243230
2666	0.977216040
2667	1.643460551
2668	0.932799638
2669	0.901692152
2671	1.425158756
2672	0.483991756
2673	0.283841944
2674	0.327220508
2677	17.607157380
2678	0.461018512
2679	0.456997437
2680	0.484924859
2681	0.461672566
2683	0.922646987
2684	0.288269746
2685	0.838023210
2686	0.500864771
2687	0.474744137
2689	20.762587550
2690	0.803285536
2691	0.072658324
2692	2.559098190
2693	0.965383855
2696	1.560230556
2697	0.539260009
2698	0.685693116
2699	0.460061968
2701	0.884126050
2702	0.246550277
2703	0.426924860
2704	0.750907548
2705	0.260890763
2706	0.747156746
2708	4.626032939
2709	17.811353680
2711	0.972531096
2712	0.196811074
2713	0.829259160
2715	0.567123202
2716	0.893630643
2717	1.368243289
2718	0.296888237
2719	0.894570484
2720	0.012334169
2721	16.215068950
2723	1.081940352
2724	0.875542625
2725	0.210145663
2726	0.291509714
2727	0.334883322
2728	0.213693134
2729	0.311122677
2731	0.688671264
2732	0.667796023
2734	0.979501705
2735	0.615827159
2736	0.000000000
2738	0.428559725
2739	0.482200294
2740	2.480544788
2742	0.255491134
2743	0.391013837
2744	0.340858138
2745	0.942595084
2746	0.862138429
2747	0.410694398
2748	0.000000000
2750	0.386114960
2751	0.268267866
2755	1.003981796
2756	0.657769622
2757	1.301214186
2758	4.024465666
2759	0.406163017
2760	0.605786988
2763	0.087961515
2764	0.341751121
2765	0.884265485
2767	0.876932385
2768	16.901663570
2769	0.738051415
2770	0.158069745
2771	0.376919230
2772	0.419177307
2773	0.406070027
2774	0.824525554
2775	0.000000000
2776	0.237802905
2777	2.294835191
2779	0.525222448
2780	0.980107323
2781	0.149300602
2782	0.327914706
2786	0.648437038
2787	0.473225953
2789	1.296096664
2790	0.000000000
2791	0.711758300
2792	0.894616366
2793	0.704735055
2795	1.157944449
2797	0.543077599
2798	0.480241946
2799	0.588107658
2800	0.284661720
2801	0.658374241
2802	0.345131148
2803	0.818250755
2804	0.390240931
2807	0.540496440
2808	0.531134284
2809	0.758131289
2810	5.883950586
2811	0.373109593
2812	0.885207541
2813	0.000000000
2814	0.462449386
2816	0.836966326
2817	0.956799643
2818	0.458933215
2819	0.529355956
2820	0.215449252
2821	0.741130817
2822	1.305909349
2823	0.856219533
2824	0.769549717
2825	0.225869460
2826	0.000000000
2827	0.000000000
2828	1.420367239
2829	1.295768474
2830	0.881537381
2831	0.514051818
2832	0.000000000
2835	0.965513357
2836	0.770588586
2837	0.186878905
2838	0.000000000
2840	1.088336759
2842	0.494666003
2843	0.253639040
2848	0.364223632
2850	0.000000000
2851	1.574518663
2852	0.581215107
2853	0.746633948
2854	1.055845758
2855	0.389147966
2857	2.067319871
2859	0.750418930
2860	0.665537893
2861	1.138857679
2863	0.800588244
2864	0.497009735
2865	0.000000000
2866	0.721233449
2867	1.467690050
2869	37.291587110
2870	0.320350080
2871	0.445645558
2872	0.161846811
2873	5.476665940
2875	0.593998348
2877	1.064166047
2878	1.307285799
2879	1.256555909
2881	36.035835970
2882	1.983532251
2883	0.072977383
2884	0.000000000
2885	0.841721150
2887	0.643959615
2888	0.757634092
2889	0.673745270
2890	0.722056757
2891	9.954287581
2894	0.534034045
2895	0.790311476
2896	0.477322437
2897	0.694982880
2899	1.155386877
2900	0.713024911
2901	0.476436984
2902	0.883549901
2903	0.384166459
2905	0.883044192
2906	0.560805079
2908	0.348862271
2909	0.274518180
2911	0.291865295
2912	1.321080936
2913	0.259863078
2914	1.037278766
2915	0.361489930
2917	0.000000000
2918	1.042126517
2919	0.974896117
2920	0.834072812
2921	1.065906422
2923	0.772709083
2924	0.625236343
2925	0.363038623
2926	0.594645311
2927	1.648229253
2929	0.081838989
2930	0.824083252
2931	0.643162936
2933	0.277587745
2935	0.900795740
2936	0.183959392
2937	1.234438963
2938	0.672418694
2939	0.483227101
2941	0.597878670
2943	0.339935592
2944	0.296061701
2947	0.327318544
2948	0.876124599
2949	0.429606608
2950	0.246271512
2951	0.433729649
2953	0.716494557
2954	0.866259840
2955	0.000000000
2956	9.362682070
2957	1.183371452
2959	0.000000000
2960	0.452091349
2961	0.535430247
2962	0.649845608
2963	4.388662215
2965	0.623941991
2966	0.976513078
2967	0.234444102
2968	0.623533795
2969	0.410427775
2971	0.961963310
2972	0.995591225
2974	1.167466236
2975	0.454789772
2977	0.350111448
2978	0.319588061
2979	0.653605152
2980	0.852018410
2981	0.440672909
2985	1.054140388
2986	0.346191951
2987	1.196285995
2988	0.000000000
2989	21.725632850
2991	0.431625035
2992	0.252498378
2993	0.000000000
2994	0.000000000
2995	0.848192424
2996	1.012499539
2997	0.885672494
2998	0.000000000
2999	1.108886201
3000	0.000000000
3002	0.770246162
3003	0.885213340
3004	0.171185328
3005	0.309617059
3006	0.000000000
3007	0.766776203
3008	1.258172717
3009	0.946930601
3010	0.085567571
3013	0.855413639
3015	0.433737603
3016	0.658287390
3017	0.695701147
3019	0.453642916
3020	1.111997228
3021	0.291031726
3022	0.113266484
3023	0.401807100
3025	0.407821487
3026	3.631143825
3027	1.152943914
3029	0.567636942
3030	0.000000000
3032	2.364045848
3033	0.681291630
3035	0.546223077
3036	0.000000000
3037	0.530360629
3038	1.144802390
3039	1.334084319
3041	2.970849884
3042	0.000000000
3043	0.819404242
3044	1.258276214
3045	0.594056279
3047	0.624197472
3048	0.000000000
3049	0.449318748
3051	0.700997238
3052	0.413786290
3053	1.060906612
3054	0.000000000
3055	0.000000000
3056	1.295705858
3057	0.414624106
3062	1.186588519
3064	0.330093189
3065	0.000000000
3066	0.000000000
3067	0.590589839
3068	1.596845818
3070	0.185767097
3071	1.031732019
3073	1.343762587
3074	1.016827949
3075	0.925569019
3076	1.007971706
3078	0.000000000
3079	11.890224970
3080	0.282046208
3081	0.695382831
3082	2.035503874
3083	0.370928913
3085	0.866364845
3086	1.007253444
3088	0.360838486
3089	1.244889705
3090	0.000000000
3091	0.555993034
3092	0.927698210
3093	0.649763477
3094	0.000000000
3096	0.000000000
3098	0.945595784
3099	19.932270980
3100	0.674418487
3101	1.160144443
3102	0.000000000
3103	0.733552400
3104	0.974359332
3106	0.144870773
3107	1.155005778
3108	0.000000000
3110	1.084001149
3111	0.362629992
3112	0.392421895
3113	0.465813844
3114	0.000000000
3115	0.823479561
3119	0.778272925
3120	0.000000000
3121	0.631972804
3122	1.173520939
3123	1.270234191
3124	0.581157183
3125	0.626394217
3127	0.641322783
3128	1.082780353
3129	0.000000000
3130	0.243204376
3131	2.289352232
3132	0.000000000
3133	0.472369861
3135	0.611191386
3136	0.186099237
3137	1.231097227
3138	0.000000000
3139	2.564559239
3140	0.690465649
3141	1.071308628
3142	1.508997896
3143	1.066037625
3145	15.141215560
3146	0.000000000
3147	0.506567950
3148	0.969070996
3149	1.455214846
3151	1.625199952
3152	0.554634157
3153	0.968505808
3154	0.526480515
3157	1.712575032
3158	0.733159502
3159	0.570343542
3160	0.783282027
3161	1.229349659
3163	1.424541147
3164	1.612478969
3166	1.356719225
3167	0.509310342
3170	2.451897170
3171	1.027284442
3172	0.251337275
3173	0.117333678
3175	1.809005503
3176	0.795450476
3177	1.822713636
3178	0.492792039
3179	0.933110328
3181	0.843698279
3182	1.729582806
3183	0.913629644
3185	1.020151281
3187	1.938113878
3188	0.860129133
3189	0.818395217
3190	2.455078836
3191	0.686369171
3193	0.659919362
3194	0.561410626
3195	0.383697920
3196	0.281970389
3199	0.319519891
3200	1.694678352
3203	1.144760019
3205	0.922233547
3206	0.856941852
3207	2.157919135
3208	0.587327966
3209	0.372388756
3211	0.589727211
3212	0.505100784
3213	0.206134999
3214	0.000000000
3215	66.222288520
3217	1.549831793
3218	0.375541378
3219	1.217646987
3223	2.576345161
3224	1.311063389
3225	0.754931771
3226	0.751309477
3227	0.482084507
3229	1.507408741
3231	0.729652398
3233	0.637882094
3235	0.378372379
3236	1.355284482
3237	0.126286395
3238	0.166324519
3239	0.548477384
3241	0.640931306
3242	1.531905815
3243	0.767289970
3244	0.296456648
3245	0.290397679
3247	1.206178447
3249	0.411457123
3250	0.488366380
3251	0.708434352
3253	1.082320880
3254	1.862023183
3255	0.180712994
3256	0.143178494
3257	1.434036421
3259	1.015216274
3260	0.679824243
3261	1.038963164
3262	1.983274835
3263	0.425924535
3265	0.740721279
3266	1.197424841
3267	0.797224229
3268	0.199332636
3269	1.321949841
3271	0.803492253
3272	0.565669462
3273	0.574923633
3274	0.339108656
3275	0.299007478
3276	0.000000000
3277	1.089721564
3279	1.218244745
3280	0.186629817
3281	0.471119047
3282	0.000000000
3283	1.128861125
3284	0.578734470
3286	0.404416257
3287	0.000000000
3288	0.000000000
3289	1.110556675
3292	0.465776550
3293	0.991539217
3294	0.000000000
3295	1.036250067
3297	0.493625327
3298	0.676774362
3300	0.000000000
3303	0.662536821
3304	0.636537639
3307	0.629512856
3308	0.409854048
3309	0.247199770
3310	0.290312441
3311	0.527527567
3312	0.000000000
3313	1.377185617
3314	0.825238511
3315	0.527368689
3316	0.148259568
3317	0.500692642
3318	0.000000000
3319	1.256039160
3320	1.130802102
3322	0.268353375
3323	0.430692333
3324	0.000000000
3325	0.681152587
3326	0.000000000
3327	1.732869413
3328	0.179432215
3329	0.549593365
3330	0.000000000
3331	1.038069499
3332	0.759598677
3336	0.000000000
3337	1.286984870
3338	1.157745136
3339	1.141241465
3340	0.075460364
3341	1.221935232
3342	0.000000000
3343	1.122606530
3344	0.786647235
3346	1.092126894
3347	0.472250322
3348	0.000000000
3349	1.088202390
3351	0.485910657
3352	0.194652237
3354	0.000000000
3356	22.544452470
3358	0.125164861
3359	0.626102756
3361	0.850068903
3362	1.065589837
3363	0.652734156
3364	0.377813731
3365	0.364898718
3367	0.321259065
3368	1.415910685
3369	1.243134610
3370	1.577447505
3371	0.697236101
3373	1.806285062
3374	1.254853001
3379	0.881546216
3380	0.906370135
3381	0.000000000
3382	0.255637709
3383	0.564448492
3384	0.000000000
3385	0.574921066
3386	1.024727535
3387	1.609674114
3389	0.339819343
3390	0.000000000
3392	0.643700775
3393	0.000000000
3394	0.215115469
3395	0.217210791
3398	0.655446915
3399	0.955866645
3400	0.271922183
3401	0.000000000
3404	0.000000000
3405	0.000000000
3406	0.278485794
3407	0.238699375
3408	0.000000000
3409	0.671041878
3410	1.152689677
3411	0.344816269
3412	1.026184434
3413	1.197250655
3415	0.959143940
3416	0.624770249
3417	0.000000000
3418	0.358789348
3419	0.320580180
3420	0.000000000
3421	1.010212444
3422	0.000000000
3423	0.234063533
3424	0.290812946
3425	0.437565395
3426	0.000000000
3427	0.445411316
3428	1.124468772
3429	0.490979998
3430	0.394586324
3431	0.430114323
3434	0.702201000
3435	0.622085283
3436	0.252957384
3437	0.470745004
3439	1.005808544
3440	0.910925864
3441	1.439708364
3442	1.015181559
3443	0.436153470
3445	1.451505235
3446	1.304644396
3447	1.664122243
3448	1.381245706
3451	1.478654513
3452	3.122382058
3453	1.345320306
3454	0.977743931
3455	1.018397863
3457	0.632790826
3458	0.370314845
3459	0.623158600
3460	0.307843213
3461	0.114768313
3463	0.465655815
3464	0.793354077
3465	3.129115095
3466	5.595377418
3469	0.753490275
3470	0.278703530
3471	0.889682771
3472	0.630688767
3473	0.327840085
3476	0.797467569
3477	1.142182377
3478	0.229509274
3479	0.523674828
3481	0.588186523
3482	0.377252813
3483	0.125659878
3484	0.308505604
3485	0.238883553
3487	0.548555566
3488	1.257600471
3489	0.807570412
3491	1.157146555
3493	0.293375751
3494	1.265451098
3495	0.912083391
3496	0.380502923
3497	0.871618752
3499	47.037143690
3500	0.265381520
3501	0.189539701
3502	0.097431270
3503	3.578563640
3505	0.485825174
3506	0.506459588
3507	0.603358162
3508	0.218685929
3509	0.196621508
3511	0.718693155
3512	0.692490824
3513	0.496954266
3514	0.343205130
3515	8.115248972
3517	0.000000000
3518	0.758091228
3519	1.228828096
3520	0.780770520
3521	0.313214709
3523	0.357611606
3524	1.713245209
3525	0.205752723
3526	0.499962272
3527	0.620365705
3529	24.875686680
3530	0.279756245
3531	1.851086495
3532	0.328523021
3533	2.046084964
3535	0.838228806
3536	0.951607576
3537	1.248946685
3538	0.348650537
3542	0.693533778
3543	1.285814318
3544	0.430205787
3545	0.738702904
3547	0.468563747
3548	1.333426145
3549	0.718129033
3553	4.236786588
3554	0.000000000
3555	0.033890993
3556	0.260300997
3557	48.733343140
3560	0.885960995
3561	0.667093694
3562	0.492405239
3564	0.000000000
3568	0.142480209
3569	0.300485157
3570	0.000000000
3571	0.893980620
3572	1.067400010
3574	0.242268359
3575	0.154077163
3577	0.750885681
3579	0.631090031
3580	0.000000000
3581	0.000000000
3582	0.000000000
3583	0.870128365
3584	0.814573057
3585	0.568135089
3586	0.254204422
3587	0.000000000
3588	0.000000000
3589	0.971134031
3590	0.920558309
3592	0.532831299
3593	0.549959032
3595	0.950793289
3596	0.928863173
3597	0.141313773
3598	0.216214391
3600	0.000000000
3601	1.239251939
3602	1.480052525
3603	1.137399451
3604	0.228860096
3606	0.000000000
3608	2.792220082
3609	0.286784837
3611	0.915398529
3612	0.000000000
3613	2.591764860
3614	0.517717132
3615	0.669709496
3616	0.339756094
3617	1.079963677
3618	0.000000000
3621	0.313182321
3622	0.502756516
3623	0.000000000
3624	0.000000000
3626	0.973618388
3627	0.126576950
3628	0.521175153
3629	0.770195446
3630	0.000000000
3631	1.503575000
3633	0.231731183
3634	0.128850164
3635	0.378748316
3637	0.446050563
3638	0.770799645
3640	0.341655630
3641	0.311624499
3642	0.000000000
3643	0.875490125
3644	0.872967704
3645	0.000000000
3646	0.621966834
3647	1.530579941
3648	0.000000000
3649	1.057374261
3650	0.316315798
3651	0.302291753
3652	0.000000000
3653	0.000000000
3654	0.000000000
3655	0.874446337
3656	20.225264280
3658	0.612530683
3659	0.772641392
3662	1.235570052
3664	0.710736340
3665	0.861415395
3666	0.000000000
3667	0.582692296
3669	0.735147511
3670	0.462520021
3671	0.375148137
3674	1.278844196
3675	0.649410220
3676	0.309204104
3678	0.000000000
3680	0.704049517
3681	0.187765561
3682	0.811592877
3684	0.000000000
3686	1.219907032
3687	0.767318901
3688	0.707574449
3691	0.297604618
3692	0.785233431
3693	0.635863124
3694	0.514714085
3695	0.937121693
3696	0.000000000
3698	1.193237251
3699	0.750546059
3700	0.752632638
3701	0.758437135
3702	0.000000000
3705	0.184030809
3707	1.105486771
3708	0.000000000
3709	1.012643798
3710	4.802835680
3711	0.511841136
3712	0.628762306
3713	0.561564746
3714	0.000000000
3715	0.628251500
3716	0.762578172
3718	0.391615148
3719	1.186620456
3721	1.213154706
3722	1.531368204
3723	1.192121508
3724	0.207389077
3725	3.040616042
3727	0.000000000
3728	0.537609261
3729	1.051003827
3730	0.799438199
3731	0.562572538
3733	2.621567820
3734	0.979382971
3735	0.277082528
3736	0.705383330
3737	0.837244448
3739	1.099747060
3740	0.400047616
3741	0.884134329
3742	5.491925233
3743	0.145219920
3745	0.503432941
3746	0.323462055
3747	0.848041031
3748	0.443383062
3749	0.405866199
3751	1.008482624
3754	2.289967614
3755	1.131767795
3757	0.943219156
3758	0.502705825
3759	0.621376927
3760	0.395548726
3763	1.238777351
3764	0.753991595
3766	0.213772957
3767	0.731090434
3769	0.886945830
3771	0.077351859
3773	15.995377540
3775	0.455492309
3776	1.052672951
3777	0.527820881
3778	0.137672536
3779	1.077829759
3781	1.193035545
3782	1.740444604
3783	0.737974183
3785	0.324370131
3787	0.850540382
3788	0.533455232
3789	0.530653025
3790	0.083415353
3791	0.943639619
3794	0.000000000
3795	0.897896050
3796	0.688399796
3797	0.590090884
3799	0.606822723
3800	0.710785179
3801	0.603615120
3802	0.322621778
3803	1.186092197
3806	0.696202380
3807	0.779020005
3808	0.292158006
3809	0.265692124
3811	0.813839497
3813	0.287219346
3814	0.372256463
3815	0.000000000
3817	0.704340894
3818	0.200248560
3819	0.440764662
3820	0.397176379
3821	0.750113141
3823	0.561046224
3824	0.470058676
3825	4.578731681
3829	1.091797834
3830	0.793200305
3831	0.395403170
3832	0.199945483
3833	0.344083886
3835	0.689254069
3837	0.987396708
3838	0.473152128
3841	1.800828713
3842	0.395815830
3843	0.520806323
3844	0.324372080
3845	1.578298410
3848	0.871377153
3849	0.519556927
3852	0.000000000
3853	0.193667751
3854	2.399347408
3855	0.621106491
3856	0.087110643
3857	0.837435893
3859	0.869099596
3860	0.581537777
3861	0.251816708
3862	0.093825796
3863	0.291635149
3864	0.000000000
3865	1.350107042
3866	0.924647318
3867	0.091624053
3868	0.307319757
3870	0.000000000
3872	0.819637055
3873	0.353048546
3874	0.350389249
3875	0.278847787
3876	0.000000000
3877	1.188805659
3878	0.973480575
3880	0.565454385
3881	0.373974046
3883	0.654605058
3884	2.495496717
3885	0.750122157
3886	0.091144976
3887	0.299102591
3890	0.898118928
3891	0.471171795
3892	0.221770550
3893	0.595987976
3894	0.000000000
3896	0.733467599
3897	1.829670938
3898	0.408621832
3900	0.000000000
3902	0.294559617
3903	0.214487649
3904	0.183520656
3905	0.312907118
3907	0.964515877
3908	1.096384256
3909	0.608047323
3910	0.125703041
3911	0.713086958
3914	0.000000000
3915	0.798711119
3916	0.381416520
3917	0.464895598
3918	0.000000000
3921	0.430746131
3922	0.463399905
3923	0.635648805
3926	1.514051346
3928	0.414479595
3929	0.690779711
3930	0.000000000
3931	0.647000104
3933	0.435769877
3934	0.270134113
3936	0.000000000
3938	0.000000000
3939	0.147690483
3940	0.530237528
3941	0.549131791
3942	0.000000000
3943	1.211477584
3944	0.923456314
3945	0.285712296
3946	0.000000000
3947	1.274353360
3949	1.004422377
3950	0.740457521
3951	0.591210184
3952	0.204496174
3953	0.731295237
3954	0.000000000
3955	1.860115624
3956	0.000000000
3957	0.115551015
3958	0.419696018
3959	0.409113817
3960	0.000000000
3961	1.315123051
3963	0.103322651
3964	0.467684643
3965	0.000000000
3966	0.000000000
3968	0.513312671
3970	0.195539729
3974	0.440936486
3975	0.847328132
3977	3.440734806
3978	0.000000000
3979	0.933419573
3980	0.959498097
3981	0.197684521
3982	0.668609588
3983	0.000000000
3985	0.993503162
3986	0.914212128
3987	0.508394189
3989	0.576190687
3990	0.000000000
3992	0.868801146
3995	0.882345944
3996	0.000000000
3999	0.492653078
4000	0.101945620
4001	0.721917489
4002	0.000000000
4003	0.635902164
4004	1.075132535
4005	1.666422724
4006	0.305840500
4009	0.405085576
4010	0.640875281
4012	0.331686402
4013	0.691607820
4015	1.406538436
4016	0.782353470
4018	0.171710338
4021	0.879099749
4022	0.329545504
4023	0.842652143
4024	0.287471400
4025	0.567872756
4027	0.901741121
4028	0.878162963
4029	1.170686129
4030	1.915428304
4031	0.607598569
4034	0.633633803
4035	0.222037371
4036	0.382028465
4037	0.608901669
4039	2.104276254
4040	1.293323481
4041	0.685319562
4042	0.625049971
4043	0.460041054
4045	1.215421004
4046	0.710008376
4047	0.523683321
4048	0.548937531
4049	0.449762439
4051	0.286471055
4052	0.797928564
4053	0.907197676
4054	0.618335088
4055	0.810969932
4057	0.698042820
4058	1.209794559
4060	0.384809130
4061	0.114430439
4063	0.795075758
4064	1.319330573
4065	1.750120045
4066	0.875904140
4067	0.673375934
4069	0.574417262
4070	0.926637292
4071	0.616900795
4072	0.315975332
4073	1.101414243
4075	0.644693307
4076	0.382148621
4077	1.054442865
4078	0.696243893
4081	0.660207087
4082	1.698754067
4083	0.931050476
4084	0.485662514
4090	0.517952562
4091	1.854457369
4093	0.444284094
4094	0.689250103
4095	0.792670938
4096	0.621721528
4097	2.295300063
4099	0.671014486
4100	0.343117047
4102	0.773983326
4105	1.169203036
4107	0.207285233
4108	0.358162549
4109	0.472445630
4111	0.707499650
4112	1.674690409
4113	1.074240433
4114	4.456265351
4117	0.708854465
4119	0.351215628
4121	0.736430037
4123	0.209794579
4124	1.022958816
4125	16.947281480
4126	0.515804642
4129	0.742190247
4130	1.890272101
4131	0.818766064
4132	0.273621598
4133	0.000000000
4136	1.027992907
4137	0.193377259
4139	0.000000000
4140	0.000000000
4141	0.826504291
4142	1.142055686
4143	0.378201014
4144	0.000000000
4145	0.155748490
4146	0.000000000
4148	0.542454395
4149	0.292558230
4150	0.288956474
4151	0.595250875
4152	0.000000000
4153	0.725204426
4154	1.044569933
4155	0.646732029
4156	0.000000000
4158	0.000000000
4160	0.710833449
4162	0.281584555
4165	1.363340364
4166	0.855591128
4167	0.479877695
4168	0.722138838
4169	0.517377295
4171	16.810301900
4173	1.300678872
4174	0.108579607
4175	1.451356403
4176	0.000000000
4177	1.308215098
4178	0.785737719
4179	0.401455295
4180	0.469638935
4181	0.511239648
4182	0.000000000
4183	3.321782525
4184	0.569807403
4185	0.790154992
4186	0.298279999
4187	2.425298625
4188	0.000000000
4189	3.664302849
4190	0.650965441
4191	2.454577579
4193	0.337369307
4194	0.000000000
4195	0.822325332
4196	0.387415749
4197	0.735433305
4199	0.652466556
4200	0.000000000
4201	1.026157906
4202	1.095032212
4203	0.257859553
4204	0.238700957
4205	0.000000000
4207	0.344801859
4208	0.909883300
4209	0.470120628
4210	0.444923124
4212	0.000000000
4213	1.075295785
4214	1.199186407
4215	0.643067088
4217	0.478134138
4218	0.000000000
4219	0.779447562
4220	0.634967438
4221	0.673024463
4222	0.195616062
4223	1.840030469
4224	0.000000000
4226	1.123845364
4228	0.688540034
4229	0.000000000
4230	0.000000000
4231	0.049596231
4232	7.749724328
4233	0.494758118
4234	0.902642489
4238	0.391794346
4239	0.377658519
4240	0.223278313
4241	0.814212279
4244	1.081014899
4245	0.253837187
4246	0.740044607
4247	0.568510910
4248	0.000000000
4249	1.938751903
4250	1.040478901
4251	0.188183300
4252	0.302636492
4253	0.388320615
4255	0.908036289
4256	1.033220593
4257	0.734429416
4258	0.276967430
4259	0.212437236
4261	0.777380944
4262	0.905566192
4263	0.000000000
4264	0.250545871
4265	0.765767173
4266	0.000000000
4268	1.736379526
4269	0.280958224
4270	0.755428119
4271	0.781436026
4272	0.000000000
4273	0.608462714
4274	0.475994463
4275	0.273707435
4276	0.263887766
4279	1.023969070
4280	1.546333739
4281	0.538449695
4282	0.235608406
4283	1.359561453
4284	0.000000000
4285	0.259441099
4286	0.802394162
4287	0.273755011
4288	0.332710535
4289	1.078095546
4290	0.000000000
4291	0.917979133
4292	0.659245199
4293	0.467760068
4294	0.654764453
4295	0.943704454
4297	0.787701570
4298	0.489084182
4299	1.533276178
4300	0.000000000
4303	0.913128178
4304	0.643107876
4305	0.193211892
4306	3.124443054
4307	0.734298234
4309	0.302993136
4311	0.687630972
4312	0.935309764
4313	0.535717250
4315	5.503073524
4316	0.433860399
4317	0.493628133
4318	0.583872338
4319	0.847027759
4321	0.381293283
4322	0.000000000
4323	0.558150111
4324	0.502943620
4325	0.000000000
4327	0.411557280
4328	1.038026150
4329	1.803452835
4330	0.569721962
4331	0.726852627
4333	0.297302208
4334	0.535540530
4335	0.945562902
4336	2.149105488
4337	1.056959212
4339	0.000000000
4340	0.408717971
4341	0.690499167
4342	0.444432404
4343	0.554804550
4345	1.300273245
4346	0.379917686
4347	0.723128455
4348	12.742218240
4349	0.219458758
4351	2.577340376
4352	0.694246395
4355	2.540601208
4357	0.412800224
4358	0.048254609
4359	0.940829113
4360	29.010269250
4361	1.330540851
4363	1.191815757
4364	0.764130893
4366	1.070775431
4367	1.258969480
4369	0.734056876
4370	1.939912474
4371	1.444414775
4372	0.770530389
4373	7.937679070
4375	0.791966413
4376	0.701671250
4377	1.140677429
4378	0.365196326
4379	0.723842123
4381	3.882840582
4383	0.698447733
4384	0.973646025
4385	6.026652012
4387	0.974598718
4389	0.716992676
4390	0.673247912
4391	0.887837630
4393	0.642934471
4394	1.532840616
4395	0.466702877
4396	0.529315393
4397	0.570774245
4399	6.574256263
4400	0.587768729
4402	0.986125705
4403	2.379701406
4405	0.856668309
4407	0.987691545
4408	0.565190806
4409	1.641753745
4411	0.000000000
4412	0.970737171
4413	0.835797167
4414	0.640506248
4415	2.221961684
4418	1.433299762
4419	0.585181638
4420	1.081764685
4421	0.492614635
4424	1.152320188
4426	1.158284737
4427	0.306974301
4428	0.000000000
4430	0.161458493
4431	0.275787149
4432	0.868305662
4434	0.000000000
4435	0.331046736
4436	1.275846402
4439	0.751069241
4440	0.000000000
4442	0.000000000
4443	1.546530894
4444	2.076368795
4445	0.446803559
4446	0.000000000
4447	0.000000000
4449	0.657804677
4450	1.271880791
4451	0.661671932
4452	0.000000000
4453	0.974836929
4454	0.899429387
4455	0.667557649
4456	1.097210304
4457	2.765715204
4459	0.921501107
4461	0.027208721
4462	0.472272155
4463	0.000000000
4464	0.000000000
4466	6.242110284
4468	0.310129156
4469	0.215491807
4470	0.000000000
4473	0.638391287
4475	0.000000000
4476	0.000000000
4478	1.374860649
4479	1.484551207
4480	0.276438276
4481	0.397989819
4482	0.000000000
4483	0.000000000
4484	0.205055679
4486	0.433872059
4487	0.707157817
4488	0.000000000
4489	1.081612159
4490	1.093974671
4491	0.573000615
4492	0.204582244
4493	0.268722021
4494	0.000000000
4496	0.163841031
4497	0.401528578
4498	0.394646312
4499	0.000000000
4500	0.000000000
4501	0.467001028
4502	1.539862390
4503	0.595347302
4504	0.145793262
4505	0.000000000
4506	0.000000000
4508	0.356538067
4509	0.148653461
4510	0.638605948
4511	0.213625402
4512	0.000000000
4514	0.348343023
4515	0.836980075
4516	0.136069680
4517	0.517274679
4518	0.000000000
4519	1.364419759
4520	1.728511622
4521	1.155659107
4522	0.733060877
4523	5.306081214
4525	0.000000000
4526	0.743545844
4527	1.015404560
4528	0.000000000
4529	0.306781728
4531	1.481071805
4532	0.866753464
4533	0.723655976
4534	0.073538951
4536	0.000000000
4537	1.943933558
4538	1.428133033
4539	0.505333582
4540	0.000000000
4541	0.574165722
4542	0.000000000
4543	2.413211648
4544	1.510547869
4545	1.267500816
4547	0.296157484
4548	0.000000000
4550	0.613615550
4552	0.438438323
4553	0.549394979
4554	0.000000000
4556	0.486721973
4557	0.364502189
4558	0.367766131
4560	0.000000000
4562	0.700277072
4563	0.228371750
4564	0.596376649
4565	0.483143413
4566	0.000000000
4567	0.000000000
4568	1.402542104
4570	0.137085916
4571	0.567320837
4572	0.000000000
4575	0.068492073
4576	0.381478958
4577	0.000000000
4578	0.000000000
4579	0.355848944
4580	1.024727123
4582	1.494715878
4583	0.612916902
4585	1.114431923
4586	5.229421564
4587	0.586793509
4588	1.055183219
4589	3.412721856
4591	0.490633998
4592	0.734786871
4593	0.838289774
4594	0.749667883
4595	1.136235024
4597	0.600960889
4598	0.312068964
4599	0.870704085
4601	1.005412670
4603	0.778208699
4604	0.722115353
4605	0.305083237
4607	1.159865014
