Reporter Identifier	VALUE
1	0.383873447
2	0.246591318
3	0.352042305
4	0.396102492
5	0.147986535
7	2.503808081
8	0.211895185
9	2.168771420
10	0.589239448
11	0.256488691
13	0.261998233
14	0.454901827
15	0.125814776
16	1.097238400
17	0.929384025
19	0.491443963
21	0.793262708
22	0.361623895
23	1.871656136
25	0.464735257
26	0.141308312
27	0.669229618
28	0.327045295
29	0.333613660
31	0.297815586
32	0.375018856
34	0.282325985
35	0.181668786
37	0.796694571
38	0.131548641
39	0.198158671
40	0.137271162
41	0.130484293
43	0.547216567
44	0.126352180
45	0.300820429
46	0.132130292
47	1.656287535
49	0.610916197
50	0.691537326
51	0.202625936
52	0.449136682
56	0.233142537
57	1.132280670
58	0.384958437
59	0.122885376
61	0.007131098
62	0.317399816
63	0.000000000
64	0.000000000
67	4.153412440
68	0.329417219
69	0.425067222
70	0.900410362
71	0.266676145
73	0.259140759
74	0.160705882
75	0.679944933
76	0.255824894
77	2.170268134
79	0.309730435
80	0.402104358
81	0.762734127
82	0.290651064
83	0.201720732
85	15.462783930
86	1.705363351
87	0.097412944
88	0.000000000
91	0.142800646
92	0.237454053
94	1.601390465
98	0.520924611
99	0.463068540
100	0.324398480
101	0.661775289
103	0.000000000
104	0.000000000
106	0.000000000
107	0.000000000
110	0.361897147
111	1.410060732
113	0.355465068
116	0.000000000
117	0.161475921
119	0.000000000
121	0.328442353
122	0.363047334
123	0.000000000
124	0.197354322
125	0.223974040
126	0.000000000
128	0.811717740
131	0.000000000
133	16.154575160
134	0.600685371
135	0.472659808
136	0.000000000
137	0.218179546
139	0.552525085
141	0.051998943
142	0.243246221
143	0.271870194
144	0.000000000
149	0.168469470
151	0.465683679
152	0.401398654
153	0.229024292
154	0.145689930
155	0.180076531
156	0.021617033
157	0.193314900
158	0.125639756
159	0.074113239
160	14.464255950
161	0.208982124
162	0.000000000
163	0.252730638
166	0.191015673
167	0.380884619
168	0.047120922
169	0.194244366
170	0.000000000
171	0.160367802
172	0.576936538
173	0.134237985
174	0.000000000
175	0.989457003
178	0.496104007
179	0.154152253
183	0.173729261
184	0.000000000
185	1.126813630
190	0.105877220
191	0.119767254
192	0.000000000
194	0.099233156
195	0.136075721
196	0.128573254
197	0.131635012
198	0.000000000
199	0.703692543
200	0.138554376
201	0.655815045
202	0.422559471
203	0.282013654
205	0.243279002
206	0.888448870
207	0.289646317
208	0.000000000
209	0.009062555
210	0.000000000
211	0.151821360
212	0.129493540
213	0.183895590
214	0.240810714
215	0.219469948
217	3.822337616
219	0.611654330
220	0.161793173
221	0.122710576
222	0.000000000
223	0.457726556
224	0.000000000
225	0.134987852
227	0.269163498
230	0.351476362
232	0.258610312
233	0.386266510
234	0.000000000
235	0.193820439
236	0.143501685
237	0.139015253
238	0.204892520
239	0.247471848
243	0.000000000
244	0.630555484
245	0.211598235
246	0.000000000
247	0.898740297
248	0.158602160
249	0.145916157
250	0.195161116
251	0.265550883
253	0.128396953
254	0.203851093
255	0.062507435
256	0.322984728
257	0.242305639
259	0.462081805
260	0.000000000
261	0.175180003
262	0.000000000
263	0.774644646
265	99.999999999
266	0.000000000
267	0.573270844
268	0.000000000
271	5.180716247
272	0.277396833
273	0.215593429
274	0.123160643
277	4.051594085
279	0.397657128
280	0.808632880
281	0.000000000
283	0.500753935
284	0.344883537
286	0.149589687
287	0.725393209
289	0.397594871
290	0.547073530
291	0.395596962
292	0.170094709
295	0.526412152
296	0.999436788
297	0.208615031
299	0.456299710
301	0.147365571
302	0.939341103
303	0.067296197
304	0.519929246
307	0.022513353
308	0.241613493
310	0.000000000
311	4.987921511
313	0.225953088
314	0.990105504
315	0.468363848
317	0.232504354
319	0.116308783
320	0.313445716
322	0.280313757
323	0.338458346
325	1.452647145
326	0.889640327
327	0.354483788
328	0.734764996
329	0.887054185
331	0.615031348
332	0.297464497
333	0.828945675
334	0.367233439
335	0.139815296
337	0.330663380
338	0.332557463
339	0.494728230
343	0.790447603
344	0.429599255
345	0.150529641
347	0.238821827
349	0.700425157
350	0.157087007
351	0.806996844
352	0.174875250
353	0.431039752
355	0.235320768
356	0.242858078
357	0.452751081
358	0.392583230
359	0.142262685
361	0.201464001
363	0.013175931
364	0.256579555
365	0.522266796
368	0.376055273
369	5.769955380
370	0.209200426
371	0.746664830
373	0.269275022
374	0.842179791
376	1.262901322
377	0.090697443
379	0.935824350
380	0.682825650
381	0.835254395
382	0.177129510
386	0.914445923
387	0.848027251
388	0.690618517
392	1.332212075
393	0.178049135
394	0.172849313
395	0.161356974
396	0.000000000
398	0.538570271
399	0.447800414
400	0.321448558
401	0.223601000
402	0.000000000
403	0.104544896
404	0.691251054
406	0.168103866
407	0.100903126
408	0.000000000
409	0.560249941
410	0.404906066
411	0.158597225
412	0.022295973
413	0.412999066
414	0.000000000
415	0.333422572
416	0.282473859
417	0.441929843
418	0.004738114
419	0.209839283
420	0.000000000
421	0.223948163
422	0.139992004
423	0.218251198
424	0.064073690
425	0.283371497
430	0.181286717
431	0.349784974
432	0.000000000
434	0.464252738
435	0.373137950
436	0.590141410
437	0.186503696
439	1.416890536
440	0.587012945
442	0.285411997
443	0.116896469
444	0.000000000
447	0.365753311
448	0.000000000
450	0.000000000
451	0.246033761
453	0.206100809
454	0.143449444
456	0.000000000
457	0.329324384
459	0.207542302
460	0.587385385
461	0.185634825
464	0.314385098
465	0.231317578
466	0.088930475
468	0.012164551
469	0.428149405
470	0.000000000
471	0.251986691
472	0.140718625
473	0.168216553
474	0.000000000
476	0.243325972
477	0.034976050
478	0.001577510
479	0.359715127
480	0.045027485
482	2.617208773
484	0.039452872
485	0.084017563
486	0.000000000
487	0.828917132
488	0.463145206
489	0.226203070
490	0.126499664
491	0.218969434
494	0.261642220
495	0.000000000
497	0.161130363
500	0.389350387
501	0.198142895
502	0.063868507
503	0.190425949
504	0.000000000
505	0.012622810
507	0.094548949
508	0.004301743
509	0.253319165
511	0.177915268
512	0.000000000
513	4.364635378
514	0.256592492
515	0.000000000
516	0.000000000
518	0.240349135
519	0.089875547
520	0.019697360
524	0.472423930
525	0.113185670
526	0.204606660
527	0.250960760
528	0.036039992
529	0.081023685
530	0.223130510
531	0.160124130
532	0.207679622
533	0.337330665
534	0.028714393
539	0.000000000
540	0.000000000
542	0.270134884
544	0.089117340
545	0.184218001
546	0.000000000
547	0.467908355
548	0.399610826
549	0.068290790
550	0.282295478
551	0.178469530
553	0.733343963
554	0.286878389
555	0.573903980
556	0.418796982
557	0.284936802
559	1.531397374
560	0.371068559
561	2.572460108
562	0.586146818
563	0.492060796
565	0.329304013
566	0.603605319
567	0.283513838
568	0.143656926
569	2.169358340
571	0.644606295
573	0.896531380
575	0.253080667
577	0.850327375
578	0.428714810
579	0.187044683
581	0.417454735
583	0.341539968
584	0.121771789
585	0.120236295
586	0.107492111
587	0.472395496
589	0.583361998
590	0.230899571
591	0.312546775
592	0.341279863
593	0.860739945
595	0.566462826
596	0.228793457
597	0.424587917
598	0.715679578
599	0.636335705
601	1.748935817
602	0.757843008
605	0.358627658
607	0.193722892
608	0.213421746
609	0.758123068
610	4.166753463
611	0.384462409
613	2.108661571
614	0.545320628
615	2.403333520
616	0.392748480
617	1.049517030
619	1.259306616
620	0.000000000
621	56.008622420
622	0.619655658
623	0.000000000
625	0.579295858
626	0.541719401
627	0.694780509
628	0.683486633
629	0.386272145
631	1.366529145
632	0.379931702
633	0.000000000
635	0.217208908
637	0.237151235
638	0.674465428
639	0.200990442
640	0.085251600
641	0.342120189
643	0.239369415
644	0.150421665
645	0.159753605
646	0.266234633
647	0.373112078
649	0.998329396
651	0.245466715
652	0.524967437
653	0.287081557
655	0.431727642
656	0.608549518
657	0.256895969
658	0.217598812
659	0.194425003
661	0.811600238
662	2.884292106
664	0.916653177
665	0.399570003
668	1.330593307
671	0.301536218
674	0.319153350
676	0.119293934
677	0.143697440
679	0.335352494
680	0.356213675
681	0.126656410
683	0.633475038
684	0.005170888
686	0.683651326
687	0.111137184
688	0.299916361
689	0.407136694
690	0.000000000
691	0.455461744
693	0.016439767
694	0.073602651
695	0.237766757
696	0.053701444
698	0.575896177
699	0.201732583
701	0.325115243
702	0.000000000
704	0.402294646
705	0.255381032
706	0.099249032
707	0.258279153
708	0.059645559
709	0.182765533
710	0.117969387
716	1.006339872
717	0.150668925
718	0.136614224
719	0.266851739
720	0.000000000
723	0.197471206
725	0.312730361
726	0.000000000
728	0.354390608
729	0.930924840
730	0.162580874
732	0.003214828
733	2.212395909
734	1.483616587
735	0.179084591
736	0.088711883
737	0.254328387
738	0.000000000
739	0.249227785
740	0.718563821
741	0.113618759
742	0.236063498
743	0.297011287
744	0.000000000
746	0.717163836
747	0.331951614
748	0.194425511
749	0.462310151
750	0.000000000
751	0.219696587
752	0.603728547
753	0.148524769
755	0.421372442
757	0.439575350
758	0.288142411
759	0.294565312
760	0.147865986
761	0.000000000
763	0.200179911
764	0.223429187
765	0.143735967
766	0.142446982
767	0.481347584
770	0.646859501
771	0.424161944
772	0.107440424
773	0.201441042
774	0.000000000
775	0.229485834
777	0.091748993
778	0.153172632
779	0.248874540
781	0.429097764
782	0.333449894
783	0.068863681
784	0.061355369
785	0.396544994
786	0.000000000
787	0.771264398
789	0.240090525
790	0.104086699
791	0.226164622
793	0.163834533
794	0.267668138
795	0.208169097
797	0.114225682
799	0.304697428
800	0.612344977
802	0.000000000
803	0.360298879
804	0.000000000
805	0.238030354
806	0.224440823
807	0.103889093
808	0.403136408
809	0.010044057
810	0.089517560
811	45.265701950
812	0.000000000
813	0.026058888
814	0.000000000
815	0.063380490
816	0.000000000
818	0.616267970
819	0.082407001
820	0.202403837
821	0.559708087
823	0.461870693
824	0.485608739
825	0.108533692
826	0.237839998
827	0.122052557
829	0.483668866
830	0.000000000
832	0.112942817
833	0.001936421
835	0.197380534
836	0.408209424
837	0.147980412
838	0.947219448
841	1.942465389
842	0.455274142
843	0.291628899
844	0.441054787
845	0.318616743
847	0.319758149
848	1.552842211
849	0.600761462
850	0.590551676
851	0.140607990
853	0.811111293
854	0.605188947
856	0.289153796
857	0.478277251
859	0.253037928
860	0.411442424
862	0.192040676
863	0.352751760
866	0.383404675
867	0.442193919
868	0.362363619
869	0.433631074
872	1.163687274
873	0.060899925
874	28.720200530
875	0.000000000
877	0.195061357
878	0.588595165
879	0.243731018
880	0.412913909
881	0.540891517
883	0.000000000
884	23.509366920
885	0.250917948
886	19.029774830
887	0.172343440
889	0.041621764
890	0.170891875
891	0.179739827
892	5.159170715
893	12.181400930
896	1.695514250
897	0.000000000
899	0.232586569
901	0.391088307
902	1.020213308
903	0.884535012
905	0.199312510
909	1.613423272
910	24.267016460
911	0.067377105
913	0.896426550
914	0.398233707
915	0.178401876
916	0.439236111
917	0.502052329
919	0.464816621
920	0.007420900
921	0.237263092
922	8.907968184
923	0.020628680
925	0.186668504
926	0.565255240
927	0.288415767
928	0.157105444
931	0.502310222
932	0.282113894
933	0.190164666
934	0.305473954
937	0.394945215
938	0.453165928
939	1.794571380
940	2.099657137
941	0.238984099
943	0.120909721
945	0.298089647
946	0.268075523
949	0.687698216
950	0.248822359
951	0.339432289
955	0.196478632
956	0.038872369
957	2.731956493
959	1.142783916
961	0.720978245
962	0.130844145
963	0.005299717
964	2.640554771
965	0.183451575
968	0.751386766
969	0.086415360
970	3.668477587
971	0.000000000
973	0.363078815
974	0.379979562
975	0.141194021
976	0.105646950
977	0.244058740
981	0.000000000
982	0.329187809
983	0.516257866
985	2.260897257
986	0.324253963
987	0.242978596
989	0.263188669
992	0.212698079
993	0.162291738
995	1.063990761
996	0.000000000
997	0.044945980
998	0.164446860
999	0.143232954
1000	0.379123009
1004	0.364135148
1005	0.265927558
1006	0.073608311
1007	0.197781018
1009	1.057630272
1010	0.834704255
1011	0.064963269
1012	4.266410297
1016	0.051146954
1017	0.124977211
1018	0.036375759
1019	0.161814882
1023	0.202146303
1024	0.060769525
1025	0.185102986
1028	0.237038341
1029	0.000000000
1030	0.044123551
1031	0.548176082
1033	0.025538081
1034	0.000000000
1035	0.079992704
1036	0.335019141
1037	0.715414510
1040	0.540556663
1041	0.178212388
1042	0.110199949
1043	0.011016227
1045	0.341478593
1046	0.258773452
1047	0.179289408
1048	0.139232895
1049	0.147414086
1050	0.000000000
1051	0.633701439
1052	0.242060980
1053	0.062860544
1055	0.258818860
1058	0.750572951
1059	0.239394083
1060	0.043258598
1061	1.038723588
1064	0.189992802
1065	0.242676746
1066	0.025000209
1069	0.477578819
1070	0.155786829
1071	0.093147985
1072	0.069376170
1073	0.253413342
1075	0.438446491
1076	0.196459144
1077	0.116999309
1078	0.054204157
1079	0.259116860
1081	1.016364821
1082	0.048037385
1084	0.000000000
1085	0.183740961
1086	0.000000000
1087	0.150128055
1088	0.081578291
1089	0.048035914
1090	0.145294545
1091	0.332365300
1093	0.391780768
1094	0.511852979
1095	0.082988671
1096	0.097511628
1097	0.000000000
1100	0.167695849
1102	1.909859714
1103	0.188921443
1105	1.066162209
1106	0.226459862
1107	0.029964391
1108	0.209830866
1109	0.229165796
1110	0.000000000
1111	6.014049404
1112	0.201377597
1113	0.000000000
1114	0.069138522
1115	0.870879922
1117	1.444865525
1118	0.248647932
1120	0.059878899
1121	0.009981231
1123	0.435957904
1124	0.174807818
1125	0.203104472
1126	1.328834016
1127	0.403873314
1129	0.624865489
1130	0.055309169
1131	0.438361458
1132	3.251769467
1133	5.235285199
1135	3.109917152
1136	0.696453510
1137	0.243737546
1138	1.482450708
1139	1.174813819
1141	0.356709250
1142	1.342754157
1143	0.155955311
1144	3.597695151
1145	0.580950781
1147	0.148712826
1148	0.333164183
1149	0.213899706
1150	1.617905522
1151	0.563314592
1153	0.332041937
1154	0.604084569
1155	0.140625634
1156	0.636966933
1157	0.191462566
1159	23.513782620
1160	0.163417179
1161	0.027857492
1165	0.220367937
1166	0.242409007
1167	0.402642642
1168	0.188867125
1169	0.148918385
1171	0.254225912
1172	1.335973102
1173	0.121755735
1175	0.745727603
1177	0.153102099
1178	0.306674924
1179	0.236678574
1180	0.258154298
1181	0.444384125
1185	0.305555783
1186	0.000000000
1187	0.098990052
1189	0.356016791
1190	0.229225207
1191	0.682765120
1192	0.422661209
1195	0.371417085
1196	0.615263398
1197	0.239998515
1198	0.171067325
1199	0.380329911
1201	0.199359289
1203	0.089474802
1204	0.286774426
1207	2.441647553
1208	1.496701200
1209	2.360898692
1211	0.236151450
1213	0.155128641
1214	0.754032890
1215	0.078483329
1217	0.295419363
1219	0.259442494
1221	0.281372805
1222	0.228954988
1223	0.138817485
1226	0.665820512
1227	0.950745126
1228	0.124086498
1229	0.178149655
1231	0.694563361
1232	0.280600876
1233	0.183502569
1235	0.000000000
1237	0.198054213
1238	0.340351979
1240	0.184660726
1241	0.019898005
1243	0.444994077
1244	0.501013986
1245	0.198507199
1246	2.883320482
1247	0.000000000
1250	0.402538789
1251	8.078782324
1252	0.418474161
1255	0.257879963
1256	0.000000000
1257	0.186748262
1258	0.231119291
1259	0.188995620
1260	0.000000000
1261	0.298018122
1262	1.507623739
1263	0.170045891
1264	0.241676425
1266	0.026650756
1267	0.448561934
1268	0.240030873
1270	0.539479829
1271	0.933201470
1273	1.043945608
1274	0.000000000
1275	0.164814866
1276	0.199964166
1277	0.645904442
1278	0.000000000
1280	0.527118627
1281	0.465509852
1282	0.335146681
1283	0.677153122
1284	0.000000000
1285	0.362466171
1286	0.200302941
1287	0.133500360
1288	0.434609711
1291	0.812606272
1292	0.222016690
1293	0.732083175
1294	0.084981794
1295	0.122839866
1296	0.000000000
1298	0.335799344
1300	0.225792539
1301	0.168446385
1302	0.000000000
1305	0.119055186
1306	0.064903411
1307	0.232065222
1308	0.000000000
1310	0.217014050
1313	0.154983352
1314	0.028406429
1316	0.246840039
1317	0.121362897
1318	0.395574814
1319	0.460724394
1320	0.000000000
1322	0.237014309
1323	0.951099731
1325	0.255684672
1328	0.459039667
1329	0.072691192
1331	0.220393178
1332	0.000000000
1333	0.080265969
1334	0.273961804
1335	0.176641683
1336	0.137935433
1337	0.203731582
1341	0.098090205
1342	0.547967801
1343	0.337461872
1345	0.084804151
1346	0.035431627
1347	0.185166747
1348	0.000000000
1349	0.058772699
1350	0.000000000
1351	0.384184334
1352	0.306262634
1354	0.427235566
1357	0.249545150
1358	1.001526754
1361	0.017676462
1362	0.000365591
1363	0.586732475
1365	0.131029002
1366	0.080764340
1367	0.059787765
1370	0.216653821
1372	0.001929848
1373	0.182997971
1377	0.380956595
1380	0.009846246
1382	0.272708573
1383	0.056307719
1385	0.125400793
1386	0.000000000
1389	0.127423072
1390	0.174217874
1393	0.127502082
1394	0.394103757
1395	0.000000000
1396	0.148601117
1397	5.576198045
1400	0.256940131
1401	0.140656250
1402	0.266338574
1403	0.437117587
1404	0.000000000
1405	0.364150668
1406	0.847807676
1407	0.045638083
1408	0.110021790
1409	0.011520695
1411	0.138223359
1412	3.423092695
1413	0.212602468
1415	0.355365844
1417	0.618913347
1418	0.655220133
1419	11.662949530
1420	0.336834936
1421	0.132095782
1423	0.174014108
1424	0.047230850
1425	0.325488978
1426	0.249793539
1427	0.972081970
1429	0.521281505
1430	0.017579447
1431	9.047852994
1432	0.615065926
1435	0.197452934
1436	0.213203974
1438	0.185775985
1439	1.281446423
1441	0.485735052
1442	0.402278573
1443	0.287475217
1444	0.373232090
1448	0.318595495
1449	0.230799397
1450	0.457140876
1453	0.179264754
1454	0.501967295
1455	0.327491277
1456	0.237900987
1457	0.144292151
1459	0.087366742
1460	0.125264483
1461	0.700958492
1462	0.346000793
1463	0.140957989
1465	1.886619471
1466	0.827372657
1467	0.235721128
1468	0.464221984
1469	0.560983413
1471	0.159143455
1472	0.657426385
1473	0.126691066
1474	0.181943572
1477	0.132909385
1478	0.271769931
1479	0.628165614
1480	0.151398285
1481	0.223921129
1483	0.238743097
1484	0.232572220
1485	0.096014607
1486	0.414849548
1487	0.111712564
1489	0.339359318
1490	0.704215567
1491	0.370034898
1492	0.637933483
1493	0.302727856
1495	0.000000000
1496	0.294741162
1497	0.153175188
1498	13.520838230
1499	0.058182311
1501	0.267667506
1502	0.419119593
1503	0.172716787
1504	0.114182846
1505	0.064290249
1507	0.401123712
1508	0.531877981
1509	0.448229500
1510	0.321243366
1511	0.249306759
1513	0.074794983
1514	0.306214369
1515	1.036335018
1516	0.416535988
1517	0.035367086
1519	0.663113173
1520	1.383400390
1521	1.399376159
1522	0.341802148
1526	1.232387812
1528	0.333721713
1529	0.000000000
1531	0.184518248
1532	0.572837213
1533	0.359103215
1535	0.020924345
1537	0.148670648
1538	0.627940752
1539	6.167196755
1540	0.161540018
1541	0.000000000
1543	0.238547013
1544	0.656259395
1545	0.196438446
1546	0.462205141
1548	0.000000000
1549	0.239099453
1550	0.656265735
1551	0.093125445
1552	0.299356952
1553	0.247790386
1554	0.059451781
1556	0.954016826
1557	0.102974331
1558	0.020068403
1559	0.000000000
1560	0.000000000
1561	0.318199308
1562	0.478085176
1563	0.411306506
1565	1.999210691
1566	0.000000000
1568	0.683560647
1569	0.104068175
1570	0.083075522
1571	1.318436277
1572	0.016118602
1573	1.053051957
1574	0.180080170
1575	0.187578690
1577	0.119822478
1579	0.480305268
1580	0.000000000
1581	0.444650409
1582	0.129141689
1583	0.298631235
1584	0.000000000
1585	0.666160216
1587	0.151907290
1588	0.144875530
1589	0.663116904
1590	0.000000000
1591	0.000000000
1592	0.449129236
1593	10.176920110
1595	0.653579746
1597	0.651359690
1600	0.000000000
1601	0.000000000
1602	0.000000000
1603	0.699461827
1604	0.640783614
1606	0.000000000
1608	0.000000000
1611	0.114205529
1612	0.314382143
1613	0.470286904
1614	0.000000000
1615	0.418259563
1617	0.050240030
1618	0.089806497
1619	0.101143263
1620	0.027786490
1621	0.292325452
1622	0.409293596
1623	0.219053768
1624	0.000660356
1625	0.190415745
1627	0.000000000
1628	0.000000000
1629	0.209909047
1631	0.109474016
1632	0.000000000
1633	0.096513710
1634	0.278860015
1636	0.404217793
1638	0.000000000
1639	0.114767633
1640	0.290539666
1641	0.299513459
1642	0.356603337
1643	0.147147954
1645	0.096397865
1646	1.351195715
1648	0.129242262
1649	2.492876194
1652	0.301981214
1653	2.895375733
1655	0.072026915
1656	0.002808205
1657	2.629522967
1659	0.285893636
1660	0.124457366
1661	0.000000000
1663	0.320450538
1664	0.299959747
1665	0.133997628
1666	0.147194174
1667	0.179227125
1668	0.000000000
1670	0.000000000
1672	0.112256279
1673	0.210839898
1674	0.000000000
1676	0.000000000
1677	0.040269096
1678	0.299824705
1679	0.123188321
1680	0.000000000
1681	0.134048521
1682	0.319177741
1683	0.095972716
1685	0.277465901
1686	0.000000000
1687	0.000000000
1688	0.836019890
1689	0.259414963
1690	0.311966009
1691	1.623159985
1692	0.000000000
1693	0.457119644
1694	1.109232104
1695	0.244062319
1696	0.127683700
1697	0.000000000
1698	0.033161799
1699	0.261106013
1700	0.154198738
1701	0.391468630
1702	0.415014807
1703	0.387260066
1705	0.382413719
1706	0.735444377
1707	0.232907593
1711	0.297358115
1712	0.069605350
1713	0.606702352
1714	0.385185031
1715	0.362180323
1717	0.088691682
1718	0.493744831
1719	0.306366294
1720	0.063169994
1721	0.105109713
1723	0.262338880
1724	1.167952339
1725	0.598973538
1726	0.229077147
1727	0.102546574
1729	0.318927876
1731	0.151454885
1732	0.347987695
1733	0.152137434
1735	0.593920022
1736	0.867739072
1737	0.289273160
1738	0.533359378
1739	1.109800249
1741	0.294729405
1742	0.504756847
1743	0.859755548
1744	0.149775091
1747	0.242302206
1748	0.313551422
1750	0.164210907
1751	0.153242317
1753	0.310214032
1755	0.250484458
1756	0.533960864
1757	3.305645698
1759	0.260526947
1760	0.875240301
1761	0.311501381
1765	0.179783320
1766	0.164115496
1767	0.294263805
1768	0.258756338
1769	6.420553244
1772	0.331753868
1773	0.201691320
1774	0.346084159
1775	1.087916833
1777	0.590300271
1778	0.329943675
1779	0.134402680
1781	1.860660240
1783	0.231533290
1784	0.917199378
1785	0.034659905
1786	1.260700261
1787	1.745419772
1789	0.600647192
1790	0.405926558
1791	0.343471039
1792	1.258477163
1795	0.425631377
1796	0.316593791
1797	0.088376810
1798	1.588428857
1801	0.031215430
1802	0.102811463
1803	50.319165810
1804	0.343543732
1807	0.406270833
1808	0.446850822
1809	0.566629340
1810	0.301790037
1811	0.000000000
1814	0.270443657
1815	0.534517406
1816	0.947718964
1817	0.064535740
1819	0.381412333
1820	0.174193519
1821	0.098721017
1822	0.405303593
1823	0.011288332
1825	0.015502823
1826	8.199953086
1827	0.168342805
1828	0.353778622
1832	0.675181730
1834	0.392113228
1836	0.000000000
1837	0.130185514
1838	1.245532307
1839	0.259315110
1840	0.056434306
1841	0.072462295
1842	0.000000000
1844	0.050084066
1845	0.023908691
1846	0.080147251
1847	0.118079230
1848	0.000000000
1849	0.146894316
1850	0.181983878
1852	0.060878981
1853	0.195918967
1854	0.000000000
1855	0.000000000
1856	0.117942985
1857	9.419230445
1859	0.050493942
1861	0.320616525
1862	0.659057425
1863	0.000000000
1865	0.242903231
1868	0.539041336
1869	0.144740012
1870	0.431474705
1871	0.525757092
1872	0.000000000
1874	0.000000000
1875	0.203117150
1876	0.259475164
1877	0.176727412
1878	0.040078534
1880	0.261677479
1881	0.128337750
1882	0.345606648
1883	0.256411597
1886	0.233127182
1887	0.208313794
1888	0.000000000
1889	0.266680790
1890	0.000000000
1891	0.182497502
1892	0.217135111
1893	0.086412139
1894	0.148670174
1895	0.271512191
1898	0.000000000
1899	0.280743913
1900	0.000000000
1901	0.752403509
1902	0.000000000
1903	0.175066207
1904	1.944251871
1906	0.916332083
1907	0.000000000
1909	0.132890328
1910	0.746719816
1911	0.360787511
1912	0.310479040
1913	0.091879524
1914	0.000000000
1915	0.150357265
1917	0.198297880
1918	0.156214430
1919	0.000000000
1921	0.102893227
1922	0.199264266
1923	0.020280733
1924	0.104767208
1925	0.120963212
1926	0.000000000
1927	0.667426206
1928	0.437375969
1929	0.111627606
1930	0.310413392
1933	0.125594461
1934	0.288533574
1935	0.318817837
1936	0.191629322
1937	0.000000000
1939	0.101948043
1940	0.530216602
1941	0.097002607
1942	0.103972467
1945	0.110469772
1946	0.446340104
1947	0.176530663
1948	0.000000000
1949	0.006584269
1953	0.279660190
1955	0.000000000
1957	0.089215216
1958	0.495290843
1959	0.177229331
1961	0.000000000
1963	0.269914118
1965	0.084362208
1966	0.265175590
1967	0.443989987
1968	0.026754407
1969	0.204894297
1970	0.202363975
1971	0.111772472
1972	0.331629577
1973	0.024476176
1975	1.192061353
1977	0.032859247
1978	0.159524819
1979	1.170607112
1980	0.000000000
1981	0.193980676
1982	0.619532182
1983	0.287280003
1985	0.000000000
1987	0.182378616
1988	0.446090813
1989	0.262284529
1993	0.071186942
1994	0.389609952
1995	0.896493392
1996	0.196072385
1999	0.387112945
2001	0.130667718
2002	0.511966419
2005	5.700427242
2006	0.312359122
2007	0.105735885
2008	0.520165516
2012	0.587944273
2014	0.586850397
2015	0.325194402
2017	0.137494775
2018	0.209404376
2019	0.242915194
2020	0.503053305
2021	0.137341164
2023	1.481912756
2024	0.205091894
2025	0.203002473
2026	0.693763835
2030	1.937971166
2031	0.151971726
2032	0.224862894
2035	0.094640312
2036	0.356833102
2037	0.444751283
2041	0.184302675
2042	0.302274265
2043	0.460454069
2044	0.398234052
2047	0.359950904
2048	0.084290939
2049	0.227562325
2050	0.235154341
2053	0.224455581
2054	0.261368350
2055	0.105999072
2056	0.262811883
2059	0.492750025
2061	0.775311642
2062	0.775892679
2065	1.539029053
2066	0.791398481
2067	0.252593866
2068	0.339655751
2071	0.509567467
2072	0.239704526
2073	0.248533803
2074	0.418307160
2077	0.370952754
2078	0.409174690
2079	0.325273351
2080	0.455292148
2083	0.281993152
2085	1.027056831
2086	0.081974288
2090	0.627705076
2091	0.345944856
2095	0.240677281
2096	0.205227178
2097	3.274433444
2098	0.241074183
2101	0.150879863
2102	0.459585558
2107	0.239218952
2109	0.354971583
2113	0.679160680
2114	0.384670872
2115	1.683958680
2116	0.181818822
2119	2.242927422
2121	0.055545137
2122	0.000000000
2123	0.000000000
2125	77.342297660
2127	0.034483404
2128	0.000000000
2129	0.000000000
2131	0.000000000
2133	0.015501070
2134	0.103274311
2135	0.000000000
2137	0.228430631
2139	0.099163802
2140	0.159264658
2141	0.000000000
2143	0.232989010
2144	0.673143466
2145	0.166036993
2146	0.041588174
2147	0.000000000
2149	0.299579628
2150	0.290756273
2151	1.253864657
2152	1.257979904
2155	0.149342219
2156	0.240708174
2157	0.190207740
2159	0.000000000
2161	2.387357447
2163	0.000000000
2164	0.137276630
2165	0.000000000
2167	0.962819883
2169	0.297461331
2170	0.405528959
2171	0.000000000
2173	0.235982833
2174	0.314695970
2175	0.210376848
2176	0.204514618
2177	0.000000000
2179	0.594298808
2180	0.607850213
2181	0.011424592
2183	0.000000000
2186	0.286478160
2187	0.674860457
2188	0.053110158
2191	0.326991048
2192	0.619085459
2194	0.258887115
2195	0.000000000
2198	0.723032999
2200	0.452222502
2201	0.030266814
2203	0.541604290
2204	0.119949725
2205	0.099388801
2206	0.163824229
2207	0.000000000
2210	0.181011923
2211	0.000000000
2212	0.264973250
2213	0.000000000
2215	0.507475017
2216	0.147050516
2218	0.586598410
2221	0.014477417
2223	0.000000000
2227	0.060392041
2228	0.204258197
2229	0.583557858
2230	0.199061129
2231	0.011293232
2233	0.307390541
2235	0.405982187
2236	0.443032686
2237	0.000000000
2239	0.240203174
2242	0.211433225
2243	0.000000000
2245	0.301724748
2246	1.630864663
2247	0.084687408
2248	0.314540892
2249	0.000000000
2251	0.173119402
2252	0.553748942
2253	0.088809236
2254	1.700770004
2255	0.000000000
2257	0.139671475
2259	0.038775013
2261	0.000000000
2266	0.000000000
2267	0.000000000
2269	0.349915651
2270	0.497436912
2271	0.086179509
2273	0.022722355
2276	0.000000000
2277	0.000000000
2278	0.000000000
2281	1.058125831
2282	0.508602713
2283	0.610866871
2284	1.003119806
2287	0.194121018
2288	0.194861300
2289	0.097701921
2290	0.389779171
2293	0.163810552
2294	0.287784577
2295	0.166997406
2296	0.413578071
2299	0.055172848
2300	0.223969728
2301	0.974705217
2302	1.397851944
2305	0.247030108
2306	0.514190807
2307	0.358941623
2308	0.150629246
2309	0.222655647
2310	0.241036293
2311	0.633849594
2312	0.090770807
2313	0.482059720
2314	0.206156919
2316	0.688818524
2317	0.946558835
2318	0.176113421
2319	0.990093584
2320	0.630176855
2321	0.261378894
2323	0.179908604
2324	0.129930750
2325	3.727348969
2326	0.000000000
2327	0.134427178
2328	0.515209120
2329	0.322681606
2330	0.203974832
2331	0.230434332
2332	0.166967606
2333	0.571913963
2334	0.108485979
2335	0.356654546
2336	0.162581903
2337	0.150628931
2339	0.345943668
2340	0.408176036
2341	1.274154654
2342	0.219033217
2343	0.387856980
2344	0.480041952
2345	0.042521743
2348	0.383958744
2349	0.338272657
2350	0.499767011
2353	1.167669772
2354	0.152552083
2355	0.289129617
2356	0.606391084
2357	0.133575355
2359	0.331322097
2360	2.467807769
2361	0.249126088
2362	0.313347210
2365	0.383347925
2366	0.438178597
2367	0.190587297
2368	0.620124522
2371	5.458546604
2372	0.455700562
2373	0.177149842
2374	0.097346362
2375	0.157063873
2376	1.212823700
2377	0.111967428
2378	1.176315501
2379	0.000000000
2383	6.196776637
2384	0.839230365
2385	0.434132975
2386	0.778817941
2387	0.119002391
2389	0.657485859
2390	0.665618433
2391	0.243116284
2392	3.330082973
2395	1.041635075
2396	0.000000000
2397	0.513054084
2398	18.906245810
2399	0.000000000
2401	11.056933010
2402	0.810085855
2403	1.655985557
2404	0.451054898
2405	0.053847205
2407	0.022898213
2408	0.038944477
2409	0.539108341
2410	1.732090982
2412	0.099054222
2413	0.357186548
2414	0.112404361
2415	0.940295577
2416	0.271926521
2417	0.258795693
2418	0.000000000
2419	3.175979060
2420	0.211527980
2421	0.114410149
2422	0.475902615
2423	0.324397147
2424	0.281514505
2425	0.537366631
2426	0.176559792
2427	0.912830691
2428	0.203187741
2429	0.826938240
2430	0.128454609
2431	0.000000000
2433	0.204576410
2434	0.166319703
2435	5.924194275
2437	0.000000000
2438	0.302687392
2439	0.521203602
2441	0.356764983
2443	0.448027543
2445	0.628531004
2446	0.159449061
2447	0.137612503
2448	0.380757555
2449	0.281396082
2451	0.080840106
2452	0.056940856
2453	0.789113609
2455	0.547808901
2456	0.124832099
2457	0.200052615
2458	0.327475867
2460	0.126693010
2461	0.233410962
2462	0.000000000
2463	0.460511626
2464	0.794717132
2466	0.422357999
2467	0.286110322
2468	0.085819110
2469	0.305128107
2470	0.122979832
2471	0.000000000
2472	0.455404548
2473	0.429712583
2474	0.371877059
2476	0.227530333
2477	0.242241590
2478	0.075375527
2480	0.054834085
2481	0.041254820
2482	0.194248163
2483	0.716665047
2484	0.038939554
2485	0.394383249
2486	0.175086936
2487	0.248054663
2488	0.673810799
2489	0.198811739
2490	0.570389221
2491	0.435643739
2492	0.000000000
2493	1.006506546
2494	1.464326641
2496	0.115388834
2497	0.140685438
2499	0.000000000
2500	0.010415052
2501	0.086689452
2502	0.045883903
2503	0.082009995
2504	0.253287443
2505	0.124572586
2506	0.241865436
2507	0.232531509
2509	0.000000000
2510	0.086297068
2511	0.420381911
2512	0.050340955
2513	0.475484872
2514	0.079189895
2515	0.185879176
2516	45.000070010
2518	0.203059315
2519	0.261204546
2520	0.000000000
2521	0.810571701
2522	0.197529189
2523	0.357545723
2524	0.233813961
2525	0.338853028
2526	0.066543512
2527	0.109264271
2529	0.212973992
2530	0.055257450
2531	0.243117036
2532	0.000000000
2534	0.086729398
2535	0.212391814
2538	0.102271353
2539	0.135690969
2540	0.161347611
2541	0.191575278
2542	0.268345138
2545	0.087897220
2547	0.000000000
2548	0.383217968
2549	0.244854452
2550	0.000000000
2552	0.138186509
2554	0.202734866
2555	0.128944914
2556	0.000000000
2557	0.433294147
2559	0.363073112
2560	0.163764499
2561	0.180963522
2562	0.019745590
2563	0.798629020
2564	0.048926318
2565	0.000000000
2566	0.248753864
2567	1.094747119
2569	0.103273400
2570	1.095731026
2571	0.573417791
2572	0.093918989
2573	0.193395277
2575	1.034348256
2576	0.040812210
2577	4.590501670
2578	0.487523395
2579	0.480222169
2580	0.672683948
2581	0.860701684
2582	0.471997316
2583	0.238051439
2584	0.517278111
2586	0.272255929
2587	0.348327474
2588	0.207793845
2589	0.185583140
2590	0.373117854
2592	0.387325968
2593	0.511118178
2594	0.537540851
2595	0.331952900
2596	0.172897919
2597	0.426680096
2600	0.388454350
2601	0.158808507
2602	0.434562169
2603	0.368759122
2605	3.668395240
2606	0.163795827
2607	0.335778815
2609	0.262392117
2611	0.675164177
2612	0.163906382
2613	1.369998278
2614	0.381853729
2617	0.577195265
2618	0.705191502
2619	0.237982337
2620	0.000000000
2621	0.565925282
2623	0.871109191
2624	0.141295462
2625	0.885244852
2627	0.039427426
2629	0.190566496
2630	0.122924628
2631	0.351746809
2632	0.101968448
2633	0.148370095
2635	0.045233475
2636	0.159919499
2637	4.017259939
2639	0.240476102
2641	0.728898034
2642	0.240544492
2644	0.307148974
2645	0.321355646
2647	0.274114721
2648	0.330125943
2649	0.479093573
2650	0.476445430
2651	0.404602822
2653	25.599990320
2654	0.000000000
2655	0.767112711
2656	0.349506527
2657	0.121150132
2659	0.452047232
2660	0.241794551
2661	0.190141483
2662	0.307338859
2663	0.098992412
2665	64.314558910
2666	0.000000000
2667	0.000000000
2668	0.566545513
2669	0.000000000
2671	0.471986049
2672	0.392161159
2673	0.603789200
2674	0.257638153
2677	69.108020340
2678	0.000000000
2679	0.000000000
2680	0.000000000
2681	0.000000000
2683	0.616519276
2684	0.399375787
2685	0.822860125
2686	0.190997760
2687	0.260850263
2689	61.161917410
2690	0.000000000
2691	0.000000000
2692	0.000000000
2693	0.000000000
2696	0.260771923
2697	0.755293303
2698	0.150477127
2699	0.465654078
2701	0.331367228
2702	0.214208681
2703	0.198883109
2704	0.242426340
2705	0.356030003
2706	0.300361903
2708	0.245381390
2709	10.470077300
2711	0.286673342
2712	0.000000000
2713	0.306349228
2715	0.066080635
2716	0.300040870
2717	0.614267853
2718	0.147839155
2719	0.253279476
2720	0.054177162
2721	8.679653704
2723	0.177852030
2724	0.023892258
2725	0.434786673
2726	0.192443369
2727	0.471176431
2728	0.490846349
2729	0.126770287
2731	0.383482778
2732	0.224294567
2734	0.113661624
2735	0.370994943
2736	0.000000000
2738	0.282568315
2739	0.152866459
2740	0.336588794
2742	0.282102807
2743	0.254462761
2744	0.090672416
2745	0.162988755
2746	0.204279601
2747	0.199595243
2748	0.000000000
2750	0.484514075
2751	0.181196734
2755	0.260571895
2756	0.214660899
2757	0.226162763
2758	2.924052331
2759	0.121832167
2760	0.146421544
2763	0.040500613
2764	0.162494833
2765	2.346754599
2767	0.154057834
2768	0.599730077
2769	0.314516346
2770	0.366306643
2771	0.151772103
2772	0.422109615
2773	0.420121922
2774	0.160136980
2775	0.000000000
2776	0.374364425
2777	0.555900015
2779	0.293437792
2780	0.168734268
2781	0.190962565
2782	0.102838128
2786	0.220043164
2787	0.421208850
2789	0.334116277
2790	0.000000000
2791	0.910892280
2792	0.371479019
2793	0.633160931
2795	0.686678624
2797	0.301779051
2798	0.243079879
2799	0.432256016
2800	0.191578381
2801	0.086249164
2802	0.247761364
2803	0.278799429
2804	0.120231905
2807	0.324343860
2808	1.039522151
2809	0.185437086
2810	0.450747834
2811	0.109327373
2812	0.115877557
2813	0.000000000
2814	0.158338433
2816	0.187468559
2817	0.499690830
2818	0.121485307
2819	0.210392776
2820	0.094303302
2821	0.186962108
2822	0.211600638
2823	0.315697845
2824	0.033824513
2825	0.154388600
2826	0.000000000
2827	0.007521829
2828	0.174038727
2829	0.543573636
2830	0.167740737
2831	0.211878223
2832	0.107259987
2835	0.295836210
2836	0.087929558
2837	0.075394113
2838	0.000000000
2840	0.259759180
2842	0.460761603
2843	0.125421234
2848	0.103552440
2850	0.053328363
2851	1.955807916
2852	0.606616834
2853	0.162075564
2854	0.268770536
2855	0.136273022
2857	1.933444133
2859	0.000000000
2860	0.090441922
2861	0.298416408
2863	0.523806803
2864	1.497828067
2865	0.000000000
2866	0.232903035
2867	0.220875371
2869	74.998700120
2870	0.000000000
2871	0.000000000
2872	0.000000000
2873	0.870782464
2875	0.745925213
2877	0.644638658
2878	0.827098883
2879	0.293074186
2881	9.490700784
2882	0.170645490
2883	0.000000000
2884	0.000000000
2885	0.000000000
2887	0.143524179
2888	0.203428581
2889	0.277419754
2890	0.420835828
2891	2.968924996
2894	0.272342333
2895	0.128840492
2896	0.048749550
2897	0.171147546
2899	0.306856877
2900	1.173129115
2901	0.529337595
2902	0.079307013
2903	0.108752927
2905	1.002670989
2906	0.450782013
2908	0.043562334
2909	0.078026145
2911	0.028058169
2912	0.351408771
2913	0.185865374
2914	0.797038216
2915	0.151294261
2917	0.000000000
2918	0.923899257
2919	0.169747387
2920	0.756290403
2921	0.289129850
2923	0.986067989
2924	0.423144149
2925	0.733932155
2926	0.332786426
2927	0.180650647
2929	0.047400008
2930	0.243869377
2931	0.240923775
2933	0.327146037
2935	0.984527590
2936	0.188960532
2937	0.505816285
2938	0.380129230
2939	0.245522185
2941	0.364331457
2943	0.233637284
2944	0.242492780
2947	0.089285900
2948	0.877342565
2949	0.388603132
2950	0.382311079
2951	0.187920633
2953	1.896010511
2954	0.045147720
2955	0.000000000
2956	14.770397270
2957	0.179530546
2959	0.000000000
2960	0.402584458
2961	0.238210417
2962	0.367705472
2963	0.501755731
2965	0.147194008
2966	0.543117649
2967	0.165745649
2968	0.303144147
2969	0.108147628
2971	1.443961137
2972	0.478837698
2974	0.256774506
2975	0.237572531
2977	0.695321270
2978	0.195457103
2979	1.625628012
2980	0.224366430
2981	0.089345542
2985	0.326852232
2986	0.000000000
2987	0.196732868
2988	0.000000000
2989	11.961922250
2991	0.077121630
2992	0.000000000
2993	0.000000000
2994	0.000000000
2995	0.154028827
2996	0.318101360
2997	0.113904146
2998	0.000000000
2999	0.226406997
3000	0.004926604
3002	0.186344085
3003	0.094476850
3004	0.162437338
3005	0.202108612
3006	0.004842236
3007	0.278540036
3008	0.358621460
3009	0.187282629
3010	0.077559851
3013	0.441268474
3015	0.241924560
3016	0.329919879
3017	0.442699851
3019	0.336580750
3020	0.227507298
3021	0.022719368
3022	0.100459645
3023	0.264667211
3025	0.336602739
3026	0.391961226
3027	0.221569346
3029	0.248138128
3030	0.007215153
3032	0.416205190
3033	0.269269783
3035	0.114974589
3036	0.000000000
3037	0.207779885
3038	0.270304929
3039	0.159775049
3041	0.248856397
3042	0.011607459
3043	0.270195754
3044	0.090408524
3045	0.118115797
3047	0.169462842
3048	0.000000000
3049	0.260121707
3051	0.181270866
3052	0.041337273
3053	0.194658581
3054	0.000000000
3055	0.000000000
3056	0.243976201
3057	0.120324388
3062	0.481501519
3064	0.158621138
3065	0.000000000
3066	0.043588586
3067	0.515020367
3068	0.719501889
3070	0.107842902
3071	0.280323454
3073	0.349413475
3074	0.442700515
3075	0.473269256
3076	0.226248353
3078	0.000000000
3079	16.945169450
3080	0.072861812
3081	0.180298406
3082	0.890252810
3083	0.135426283
3085	0.534245494
3086	0.290954941
3088	0.398381359
3089	0.369554687
3090	0.000000000
3091	0.142972166
3092	0.132302525
3093	0.207315835
3094	0.107091516
3096	0.000000000
3098	0.028102240
3099	9.095800744
3100	0.551119123
3101	0.130814930
3102	0.000000000
3103	0.302593757
3104	0.252925593
3106	0.155313714
3107	0.140234979
3108	0.001288913
3110	0.269656684
3111	0.246346343
3112	0.146058127
3113	0.155581163
3114	0.000000000
3115	0.809356728
3119	0.197644425
3120	0.012308669
3121	0.222594002
3122	0.144649966
3123	0.295505423
3124	0.167410233
3125	0.156256465
3127	0.347417873
3128	0.081254155
3129	0.000000000
3130	0.090688945
3131	1.042942849
3132	0.000000000
3133	0.437712297
3135	0.241251687
3136	0.052202996
3137	0.427876675
3138	0.000000000
3139	0.331032818
3140	0.249134100
3141	0.099015260
3142	0.880688804
3143	0.176286242
3145	37.980368510
3146	0.000000000
3147	0.000000000
3148	0.000000000
3149	0.000000000
3151	3.416934847
3152	0.732187359
3153	0.796392277
3154	0.504110245
3157	2.722435230
3158	0.539911750
3159	1.023367761
3160	0.248022196
3161	0.216749881
3163	0.206278084
3164	2.760966754
3166	0.124117796
3167	0.270291834
3170	2.271017001
3171	0.454365960
3172	0.143000813
3173	0.062018241
3175	0.956735841
3176	0.523958550
3177	2.663556785
3178	0.179243392
3179	0.075535104
3181	0.573313261
3182	1.254652718
3183	0.641626973
3185	0.151946944
3187	0.792747819
3188	0.661949452
3189	0.166047955
3190	0.439155728
3191	0.186560708
3193	0.163599663
3194	0.154703796
3195	0.192270790
3196	0.206530902
3199	0.363163277
3200	0.561817659
3203	0.338734317
3205	1.519999833
3206	0.283979553
3207	4.401484759
3208	0.660110248
3209	0.444064477
3211	0.242541756
3212	0.928751069
3213	0.021279621
3214	0.010116187
3215	12.654102310
3217	0.248659569
3218	0.234428551
3219	0.262125598
3223	5.300785452
3224	0.314651053
3225	1.208332841
3226	0.187862289
3227	0.442053149
3229	1.311080130
3231	0.249763326
3233	0.364435282
3235	0.397761761
3236	0.459919126
3237	0.314902487
3238	0.254437979
3239	0.158517474
3241	0.198879831
3242	0.622582340
3243	0.676827426
3244	0.534655307
3245	0.442947550
3247	0.083036739
3249	0.299663816
3250	0.655340012
3251	0.299406925
3253	0.248940142
3254	1.428457068
3255	0.105981794
3256	0.260742280
3257	0.206206145
3259	0.425290518
3260	0.503406745
3261	0.238642361
3262	0.825270134
3263	0.412742674
3265	1.057601333
3266	0.496779101
3267	0.049670272
3268	0.199868405
3269	0.129597563
3271	0.198866424
3272	0.427736161
3273	0.342019777
3274	0.158878287
3275	0.051011846
3276	0.000000000
3277	0.503601904
3279	1.341776547
3280	0.046573295
3281	0.244944090
3282	0.000000000
3283	0.289166859
3284	0.539711033
3286	0.209595353
3287	0.000000000
3288	0.000000000
3289	0.166277779
3292	0.119441761
3293	0.236154893
3294	0.000000000
3295	0.377428026
3297	0.157540518
3298	0.501782249
3300	0.013715380
3303	0.267874010
3304	0.262015076
3307	0.215832615
3308	0.149990614
3309	0.114073760
3310	0.068633422
3311	0.133768814
3312	0.000000000
3313	0.339798184
3314	0.280815459
3315	0.365264484
3316	0.103312464
3317	0.247274257
3318	0.000000000
3319	0.647455796
3320	1.036578886
3322	0.222092241
3323	0.110336780
3324	0.000000000
3325	0.372774841
3326	0.024534024
3327	0.322551312
3328	0.072883375
3329	0.050214909
3330	0.036747314
3331	0.278970814
3332	0.221807813
3336	0.000000000
3337	0.157306336
3338	0.050057612
3339	0.034878910
3340	0.112021944
3341	0.250143653
3342	0.000000000
3343	0.260914868
3344	0.178188522
3346	0.366535734
3347	0.298188846
3348	0.106314409
3349	2.746087925
3351	0.319602582
3352	0.099846213
3354	0.032601638
3356	12.883230070
3358	0.186097279
3359	0.073080713
3361	0.236839602
3362	1.356868202
3363	0.453164749
3364	0.333857254
3365	0.139607765
3367	0.100314679
3368	0.728729132
3369	1.051442021
3370	0.265610057
3371	0.036911327
3373	0.373191179
3374	1.053704962
3379	0.308355533
3380	0.164974461
3381	0.000000000
3382	0.126596252
3383	0.263763966
3384	0.004489852
3385	0.360852489
3386	0.224523419
3387	0.952998721
3389	0.178389221
3390	0.000000000
3392	0.213848625
3393	0.000000000
3394	0.205607889
3395	0.180904196
3398	0.368797031
3399	1.015225075
3400	0.582036086
3401	0.000000000
3404	0.000000000
3405	0.000000000
3406	0.111806157
3407	0.152308576
3408	0.000000000
3409	0.214336323
3410	0.271253066
3411	0.214916590
3412	0.115789424
3413	0.345344490
3415	0.277787920
3416	0.208676223
3417	0.018547526
3418	0.196304404
3419	0.153782686
3420	0.000000000
3421	0.250124937
3422	0.000000000
3423	0.123276489
3424	0.144495958
3425	0.564352614
3426	0.000000000
3427	0.949217441
3428	0.653975636
3429	0.170763531
3430	0.178710697
3431	0.334279411
3434	0.156272713
3435	0.173143817
3436	0.499138142
3437	0.194292091
3439	0.289600997
3440	0.506538034
3441	1.901183097
3442	0.156887264
3443	0.145449934
3445	0.266903743
3446	2.875507683
3447	1.050614610
3448	1.850760945
3451	0.931229118
3452	0.914754741
3453	2.396478822
3454	0.454823205
3455	0.126137031
3457	0.399868326
3458	0.210434761
3459	0.159943156
3460	0.392958441
3461	0.000000000
3463	0.000000000
3464	0.213180843
3465	1.863957530
3466	19.233378000
3469	0.182569345
3470	0.531852486
3471	0.425564626
3472	0.846708037
3473	0.104531602
3476	0.818381136
3477	0.417157588
3478	0.369281263
3479	0.616341456
3481	0.238508672
3482	0.430103894
3483	0.038922730
3484	1.630204554
3485	0.032366126
3487	0.024814489
3488	0.608311742
3489	0.719063043
3491	4.609165644
3493	0.029075811
3494	0.949678259
3495	0.304820357
3496	0.467215671
3497	0.179143239
3499	99.999999999
3500	0.000000000
3501	0.000000000
3502	0.000000000
3503	0.307986081
3505	0.428846360
3506	1.021105510
3507	0.269278677
3508	0.085394118
3509	0.149841838
3511	0.203657920
3512	0.546571189
3513	0.202366088
3514	0.516672138
3515	2.225490928
3517	0.000000000
3518	0.496300558
3519	0.329706208
3520	0.267227338
3521	0.253770850
3523	0.181035313
3524	0.352878171
3525	0.127439972
3526	0.227745454
3527	0.134034434
3529	11.478953390
3530	0.072412965
3531	1.252041380
3532	0.182460292
3533	5.488436251
3535	1.081040299
3536	0.560258808
3537	0.314296714
3538	0.118652167
3542	0.327498797
3543	0.348002041
3544	0.359103274
3545	0.208856712
3547	0.274961614
3548	1.048062488
3549	0.544358041
3553	0.122709321
3554	0.000000000
3555	0.093565873
3556	0.104687697
3557	18.267109410
3560	0.497646433
3561	0.534346577
3562	1.191027638
3564	0.000000000
3568	0.038553147
3569	0.238549012
3570	0.000000000
3571	0.449013196
3572	2.783780493
3574	0.000000000
3575	0.154081339
3577	0.238049927
3579	0.237734871
3580	0.000000000
3581	0.000000000
3582	0.040062103
3583	0.467738832
3584	0.129967375
3585	0.149721720
3586	0.140855091
3587	0.016739341
3588	0.098607714
3589	0.198118442
3590	0.288577549
3592	0.391027313
3593	0.896498728
3595	0.411099476
3596	0.258328041
3597	0.179115305
3598	0.203600987
3600	0.000000000
3601	0.783934262
3602	2.360686478
3603	0.629378473
3604	0.293122047
3606	0.000000000
3608	1.846928821
3609	0.050152284
3611	0.181431482
3612	0.000000000
3613	0.695325523
3614	0.457734199
3615	0.324163089
3616	0.289791805
3617	0.033985060
3618	0.000000000
3621	0.257101057
3622	0.109165731
3623	0.000000000
3624	0.000000000
3626	0.328822402
3627	0.292062666
3628	0.244649484
3629	0.252286866
3630	0.000000000
3631	1.057805801
3633	0.002323345
3634	0.439373985
3635	0.261183882
3637	0.201695652
3638	0.434016912
3640	0.161151454
3641	0.542972976
3642	0.024131207
3643	0.732946030
3644	0.420272962
3645	0.000000000
3646	0.350372769
3647	0.305882214
3648	0.000000000
3649	1.041782441
3650	0.291431643
3651	0.197374024
3652	0.000000000
3653	0.017017636
3654	0.050647424
3655	0.031174922
3656	19.477419710
3658	0.209978325
3659	0.039880391
3662	0.631204573
3664	0.284816140
3665	0.638535267
3666	0.000000000
3667	0.495035963
3669	0.366515459
3670	0.248501693
3671	0.126183944
3674	0.389050552
3675	0.507433887
3676	0.290829586
3678	0.000000000
3680	0.350589564
3681	0.195609216
3682	0.669197472
3684	0.000000000
3686	0.509081769
3687	0.485179292
3688	0.685996420
3691	0.194479556
3692	0.318096002
3693	0.329149149
3694	0.217736021
3695	0.168285550
3696	0.000000000
3698	0.679937451
3699	2.109252226
3700	0.325894298
3701	0.136028154
3702	0.000000000
3705	0.155217117
3707	0.199595315
3708	0.000000000
3709	0.268924517
3710	0.395103996
3711	0.579217122
3712	0.112175122
3713	0.114587951
3714	0.000000000
3715	0.447571036
3716	0.446569633
3718	0.302328960
3719	0.253688148
3721	0.529979325
3722	0.574515409
3723	0.107498424
3724	0.192516605
3725	0.243307894
3727	0.000000000
3728	0.598967592
3729	1.510519361
3730	0.137697054
3731	0.197334316
3733	1.935866854
3734	0.733499526
3735	0.169540474
3736	0.226605556
3737	0.649713815
3739	0.183889699
3740	1.075798906
3741	0.182717999
3742	6.081283235
3743	0.130631508
3745	0.563379986
3746	0.179207702
3747	0.525755788
3748	0.123182376
3749	0.201820539
3751	0.026695861
3754	1.221237844
3755	0.784801245
3757	0.401587411
3758	0.326266286
3759	0.712765920
3760	0.228103034
3763	0.773926324
3764	0.460804253
3766	0.264281146
3767	0.261693849
3769	0.000000000
3771	0.247106164
3773	40.880332250
3775	0.254134939
3776	0.568790697
3777	0.068473668
3778	0.012355309
3779	0.790722133
3781	1.957823803
3782	2.761812362
3783	1.127634287
3785	0.241271273
3787	0.344596613
3788	0.197947634
3789	0.165531576
3790	0.064042129
3791	0.314567651
3794	0.000000000
3795	0.503586378
3796	0.208733631
3797	0.563199385
3799	0.308214099
3800	0.362534375
3801	0.252049911
3802	0.101756958
3803	0.744646108
3806	0.211363570
3807	0.268774013
3808	0.131965128
3809	0.328752952
3811	0.277005329
3813	0.189345882
3814	0.254915917
3815	0.080739244
3817	0.189639403
3818	0.329660362
3819	0.738528766
3820	0.345847866
3821	0.639648644
3823	0.183618596
3824	0.245348004
3825	0.439646502
3829	0.731567781
3830	0.333796432
3831	0.186070459
3832	0.192509903
3833	0.139015182
3835	0.644622560
3837	0.328386924
3838	0.304643338
3841	0.269483253
3842	0.302910637
3843	1.051544456
3844	0.517180127
3845	0.151775854
3848	1.038429418
3849	0.654882626
3852	0.000000000
3853	0.321721188
3854	0.392152712
3855	0.418276834
3856	0.136114282
3857	0.150966833
3859	0.385192708
3860	0.787100123
3861	0.317426783
3862	0.033025794
3863	0.163289103
3864	0.000000000
3865	0.469863070
3866	0.398132629
3867	0.158971201
3868	0.264304668
3870	0.000000000
3872	0.541272794
3873	0.311112654
3874	0.521612004
3875	0.161179250
3876	0.000000000
3877	0.307344199
3878	0.498367341
3880	0.586744758
3881	0.304302508
3883	0.259629725
3884	2.215188144
3885	0.564530227
3886	0.091220252
3887	0.590664460
3890	1.370568066
3891	0.482434619
3892	0.088538928
3893	0.304319650
3894	0.000000000
3896	0.861487150
3897	0.623546425
3898	0.045378622
3900	0.000000000
3902	0.351120367
3903	0.247754128
3904	0.190977101
3905	0.121076298
3907	0.824241713
3908	0.289814612
3909	0.509284132
3910	0.112508905
3911	0.089920156
3914	0.000000000
3915	0.311247569
3916	0.358503203
3917	0.259156245
3918	0.000000000
3921	0.310213749
3922	0.362235191
3923	0.430584443
3926	0.905332787
3928	0.262647069
3929	0.218250418
3930	0.000000000
3931	0.904405121
3933	0.195976491
3934	0.299261943
3936	0.054759694
3938	0.000000000
3939	0.206340876
3940	0.274550047
3941	0.206479450
3942	0.000000000
3943	0.379474828
3944	0.517109529
3945	0.129366948
3946	0.000000000
3947	1.218900770
3949	1.702598610
3950	0.251398504
3951	0.170637441
3952	0.188105994
3953	0.535025540
3954	0.000000000
3955	0.676688795
3956	0.000000000
3957	0.226156428
3958	0.611372834
3959	0.097990441
3960	0.000000000
3961	1.125330605
3963	0.133605346
3964	0.245435915
3965	0.000000000
3966	0.000000000
3968	0.451417767
3970	0.261560830
3974	0.225413975
3975	1.121282702
3977	18.464324100
3978	0.000000000
3979	0.171376248
3980	0.360890139
3981	0.332652134
3982	1.368227197
3983	0.015419878
3985	0.345230029
3986	0.239217239
3987	0.560758103
3989	0.238631346
3990	0.000000000
3992	0.455974972
3995	0.359163765
3996	0.000000000
3999	0.141233774
4000	0.123436476
4001	0.278335889
4002	0.001994181
4003	0.218017467
4004	0.162323395
4005	3.251442006
4006	0.286602291
4009	0.391363664
4010	0.157844973
4012	0.321552041
4013	0.531836047
4015	0.205205094
4016	1.147686188
4018	0.215909593
4021	0.138317540
4022	0.346284788
4023	0.795171673
4024	0.969040120
4025	0.476416772
4027	0.334712139
4028	0.564438279
4029	0.565475852
4030	0.620596697
4031	0.055454436
4034	0.409259051
4035	0.107866733
4036	0.358633012
4037	0.543210251
4039	2.619706211
4040	0.324449852
4041	0.175979920
4042	0.435593383
4043	0.138978045
4045	0.657760604
4046	0.603177324
4047	0.418220618
4048	0.196345089
4049	0.106260678
4051	0.138605055
4052	0.348128001
4053	0.486874654
4054	0.320099333
4055	0.439409342
4057	0.363614111
4058	0.566340507
4060	0.378578735
4061	0.073270730
4063	0.379345369
4064	0.803428901
4065	0.201731406
4066	0.678723257
4067	0.642249854
4069	0.595716797
4070	0.597003574
4071	0.349292765
4072	0.552269214
4073	0.138053334
4075	0.824171579
4076	0.217989586
4077	0.312337011
4078	0.008345173
4081	1.240348961
4082	1.551596340
4083	0.891999684
4084	0.309204577
4090	0.256440737
4091	0.539455867
4093	0.184592133
4094	0.177812612
4095	0.174671504
4096	0.095022743
4097	0.212778073
4099	0.158617806
4100	0.220666776
4102	0.273484376
4105	0.481015890
4107	0.322346284
4108	1.005796180
4109	0.216808495
4111	0.000000000
4112	0.724709069
4113	0.000000000
4114	15.110168730
4117	0.239557942
4119	0.129631690
4121	0.158883079
4123	0.221010975
4124	0.413193534
4125	1.878332125
4126	0.151987102
4129	0.208713816
4130	0.338218486
4131	0.792388196
4132	0.441059540
4133	0.000000000
4136	0.310623260
4137	0.135562874
4139	0.059017220
4140	0.000000000
4141	0.216854874
4142	0.724064285
4143	0.090015415
4144	0.000000000
4145	0.151744925
4146	0.059347731
4148	0.241341960
4149	0.172497491
4150	0.069759807
4151	0.339369480
4152	0.000000000
4153	0.143970107
4154	0.217589598
4155	0.203662899
4156	0.000000000
4158	0.000000000
4160	0.041818898
4162	0.089307409
4165	0.169176904
4166	0.183415669
4167	0.036312942
4168	0.245553373
4169	0.057614878
4171	69.739369500
4173	0.000000000
4174	0.000000000
4175	0.000000000
4176	0.000000000
4177	0.509390380
4178	0.211189965
4179	0.295908660
4180	0.185739925
4181	0.233776683
4182	0.000000000
4183	2.538788223
4184	0.237810882
4185	0.209262549
4186	0.120106358
4187	1.167137515
4188	0.000000000
4189	0.579444767
4190	0.771579279
4191	15.398799890
4193	0.013606159
4194	0.000000000
4195	0.360822195
4196	0.577638223
4197	0.406097994
4199	0.344042217
4200	0.004218816
4201	0.991018206
4202	0.977882064
4203	0.178193067
4204	0.123762038
4205	0.000000000
4207	0.362959794
4208	0.275163959
4209	0.178654351
4210	0.493089559
4212	0.000000000
4213	0.410036115
4214	1.794995107
4215	0.428996736
4217	0.100452738
4218	0.000000000
4219	0.348371688
4220	0.274909405
4221	0.298104015
4222	0.121265421
4223	4.043589806
4224	0.000000000
4226	0.884401543
4228	0.240329062
4229	0.000000000
4230	0.000000000
4231	0.000000000
4232	9.352722620
4233	0.000605307
4234	0.459088537
4238	0.201973506
4239	0.148771090
4240	0.230663602
4241	0.251093324
4244	0.578037862
4245	0.051730138
4246	0.598769996
4247	0.379857155
4248	0.000000000
4249	1.416528257
4250	0.541843404
4251	0.197385915
4252	0.275505181
4253	0.271214006
4255	0.328452662
4256	0.133451394
4257	0.130728567
4258	0.237516018
4259	0.087542395
4261	0.316519066
4262	0.401927141
4263	0.000000000
4264	0.055055801
4265	0.289401798
4266	0.000000000
4268	0.275911821
4269	0.157903038
4270	0.141587235
4271	0.130424079
4272	0.000000000
4273	0.176139465
4274	0.127844276
4275	0.039937333
4276	0.120597675
4279	0.650261777
4280	0.352069336
4281	0.089836614
4282	0.251879803
4283	0.327543743
4284	0.000000000
4285	0.294488676
4286	0.222586900
4287	0.107077546
4288	0.116675728
4289	0.239290205
4290	0.006314573
4291	0.210095232
4292	0.386549961
4293	0.098071171
4294	0.307917796
4295	0.059581449
4297	0.259527359
4298	0.333316250
4299	0.217350879
4300	0.070948924
4303	0.332181379
4304	0.729666774
4305	0.264258479
4306	10.821395520
4307	0.317442187
4309	0.200176002
4311	0.165286729
4312	0.574465256
4313	0.548046852
4315	0.419067228
4316	0.313000597
4317	0.569940787
4318	0.178021812
4319	0.128719272
4321	0.381220823
4322	0.000000000
4323	0.455421598
4324	0.469289088
4325	0.000000000
4327	0.475928698
4328	0.527334277
4329	0.558555840
4330	0.434241291
4331	1.066066246
4333	0.234947882
4334	0.266955691
4335	0.258782206
4336	1.900109488
4337	1.185098187
4339	0.026556280
4340	0.510944117
4341	0.471404895
4342	0.245972791
4343	0.088429845
4345	0.719910895
4346	0.102143772
4347	0.125311617
4348	0.629543263
4349	0.096371442
4351	0.726934681
4352	0.889112699
4355	3.191566509
4357	0.112413442
4358	0.092131587
4359	0.796826583
4360	2.688208632
4361	2.173751643
4363	1.169121242
4364	0.739531750
4366	0.301065863
4367	0.277034907
4369	0.441896816
4370	0.422307103
4371	0.398335597
4372	0.000000000
4373	14.970468040
4375	0.508847261
4376	0.204086106
4377	0.241667606
4378	0.175710293
4379	0.168597356
4381	0.523313050
4383	0.246940916
4384	0.151268618
4385	13.198064370
4387	0.306780746
4389	0.232956850
4390	0.276548603
4391	0.343211545
4393	0.224543683
4394	0.764272165
4395	0.951791399
4396	0.423571723
4397	0.429576699
4399	1.651515717
4400	0.441796916
4402	0.150818853
4403	3.728921487
4405	0.550531394
4407	0.328741760
4408	0.390925104
4409	1.211508815
4411	0.000000000
4412	0.518012595
4413	0.279711000
4414	0.409579387
4415	2.929510168
4418	0.667581104
4419	0.333686017
4420	0.385518141
4421	0.054311913
4424	0.909117831
4426	0.180417564
4427	0.138975012
4428	0.000000000
4430	0.517854443
4431	0.099902228
4432	0.181802418
4434	0.000000000
4435	0.069472266
4436	0.863129267
4439	0.138360663
4440	0.000000000
4442	0.000000000
4443	0.720674314
4444	0.350341838
4445	0.196657100
4446	0.000000000
4447	0.000000000
4449	2.584826464
4450	0.184440832
4451	0.329836970
4452	0.000000000
4453	0.752745300
4454	0.262218206
4455	0.218150822
4456	0.448014443
4457	0.265468967
4459	0.646868405
4461	0.088288434
4462	0.075277871
4463	0.000000000
4464	0.020494526
4466	16.768943760
4468	0.025422668
4469	0.082383684
4470	0.000000000
4473	0.837629871
4475	0.000000000
4476	0.007500189
4478	0.884379121
4479	0.522595164
4480	0.096699876
4481	0.366634755
4482	0.000000000
4483	0.000000000
4484	0.788851775
4486	0.209029722
4487	0.209862752
4488	0.000000000
4489	0.233391088
4490	0.517040352
4491	0.246782638
4492	0.054595135
4493	0.017607044
4494	0.000000000
4496	0.369193771
4497	0.092492595
4498	0.327822707
4499	0.016518486
4500	0.000000000
4501	0.212159673
4502	0.826680321
4503	0.254230509
4504	0.024686174
4505	0.000000000
4506	0.000000000
4508	0.300074994
4509	0.110867598
4510	0.453106221
4511	0.256749088
4512	0.000000000
4514	0.402883280
4515	0.863327008
4516	0.094203427
4517	0.331439243
4518	0.006015169
4519	0.205357959
4520	0.337002410
4521	0.163877593
4522	0.153874969
4523	6.046758144
4525	0.013559511
4526	0.269910338
4527	0.136895924
4528	0.000000000
4529	0.172373284
4531	1.116282156
4532	0.628886702
4533	0.149211883
4534	0.082790572
4536	0.042220222
4537	1.224211016
4538	2.504283985
4539	0.718659586
4540	0.000000000
4541	0.075329606
4542	0.000000000
4543	0.534875234
4544	0.383295782
4545	2.850980229
4547	0.000645541
4548	0.000000000
4550	0.429220320
4552	0.046055149
4553	0.187057461
4554	0.000000000
4556	0.304837853
4557	0.198897046
4558	0.106220673
4560	0.000000000
4562	0.123362559
4563	0.223687191
4564	0.678009738
4565	0.241099613
4566	0.000000000
4567	0.075457424
4568	0.655327053
4570	0.029444268
4571	0.716976832
4572	0.000000000
4575	0.124952987
4576	0.390758472
4577	0.000000000
4578	0.010369114
4579	0.344115211
4580	0.205242495
4582	0.389541216
4583	0.103068480
4585	0.000000000
4586	14.142382410
4587	0.000000000
4588	0.000000000
4589	12.806032860
4591	0.319641499
4592	0.167636308
4593	0.323851814
4594	0.308541970
4595	0.609131966
4597	0.617203584
4598	0.236628250
4599	0.209656503
4601	0.943771290
4603	0.581694075
4604	0.454190951
4605	0.183931340
4607	0.144039431
