Reporter Identifier	VALUE
1	0.265883603
2	0.213225231
3	0.136610742
4	0.346610157
5	0.037065449
7	2.146526686
8	0.257666986
9	1.868842991
10	0.387365083
11	0.139900439
13	0.174458350
14	0.439326010
15	0.039767137
16	0.866186843
17	0.670992644
19	0.550252433
21	0.904187901
22	0.302160467
23	1.359341844
25	0.487920481
26	0.017820458
27	0.804275592
28	0.249204591
29	0.106141318
31	0.265734116
32	0.302202182
34	0.411470834
35	0.153066296
37	0.970627474
38	0.163950837
39	0.220529867
40	0.149780014
41	0.180945045
43	0.586106074
44	0.162701873
45	0.268898128
46	0.196506890
47	1.592666911
49	0.655604238
50	0.572294646
51	0.103349043
52	0.266788247
56	0.168880885
57	0.915085553
58	0.320763784
59	0.070777970
61	0.390395987
62	0.666278584
63	0.249162181
64	0.430073553
67	3.459264286
68	0.269030924
69	0.295695202
70	0.458749361
71	0.115586936
73	0.234087064
74	0.074318424
75	0.468119885
76	0.332067119
77	2.126884337
79	0.287139372
80	0.136165788
81	0.713423737
82	0.171291698
83	0.097613216
85	11.273280490
86	1.232421820
87	0.155811763
88	0.000000000
91	0.134577015
92	0.079516346
94	1.011553392
98	0.409327121
99	0.220720904
100	0.098086865
101	0.712976150
103	0.000000000
104	0.000000000
106	0.031218072
107	0.000000000
110	0.140323558
111	1.288204466
113	0.308600725
116	0.021888033
117	0.059092887
119	0.180489988
121	0.161835511
122	0.221657986
123	0.000000000
124	0.286112963
125	0.109089241
126	0.047968939
128	2.837922355
131	0.000000000
133	5.315936914
134	0.265723088
135	0.264026169
136	0.115967659
137	0.102375025
139	0.387824384
141	0.105916179
142	0.200423517
143	0.188206366
144	0.000000000
149	0.113073256
151	0.406765020
152	0.492244968
153	0.284415820
154	0.083215613
155	0.231618592
156	0.000000000
157	0.127640812
158	0.199506391
159	0.693061672
160	14.562752160
161	0.049402084
162	0.000000000
163	0.111201436
166	0.413460599
167	0.290617522
168	0.000000000
169	0.031384797
170	0.000000000
171	0.215178231
172	0.640955087
173	0.137962201
174	0.000000000
175	0.731234959
178	0.412404029
179	0.113113907
183	0.492419500
184	0.000000000
185	1.069215062
190	0.119908719
191	0.062070094
192	0.000000000
194	0.084839548
195	0.379998584
196	0.514458868
197	0.234276168
198	0.000000000
199	0.358093763
200	0.087934508
201	0.318037569
202	0.259579768
203	0.076991913
205	0.229551199
206	0.850777293
207	0.235963951
208	0.000000000
209	0.000000000
210	0.000000000
211	0.138335568
212	0.081142689
213	1.065070460
214	0.945669644
215	0.142108837
217	6.638776046
219	0.885538399
220	0.170883636
221	0.000000000
222	0.000000000
223	0.272891391
224	0.013169382
225	0.269417774
227	0.080234569
230	0.428850802
232	0.688665747
233	0.353265370
234	0.000000000
235	0.087809719
236	0.104887235
237	0.305100993
238	0.521332465
239	0.075936312
243	0.009668437
244	1.037795768
245	0.316715882
246	0.000000000
247	1.386216730
248	0.083599863
249	0.309339990
250	0.245191927
251	0.181588572
253	1.113717282
254	0.169014334
255	0.138094459
256	0.772093586
257	0.363919620
259	0.852257837
260	0.010729302
261	0.519672064
262	0.000000000
263	0.449640021
265	99.999999999
266	0.000000000
267	0.000000000
268	0.000000000
271	4.496872891
272	0.103099608
273	0.179242727
274	0.159964285
277	4.286740754
279	0.185118784
280	0.747553227
281	0.012797637
283	0.450801809
284	0.386926593
286	0.085794599
287	0.468367750
289	0.418910857
290	0.540878982
291	0.203267008
292	0.225597236
295	0.538246898
296	1.514783791
297	0.326938178
299	0.563627460
301	0.246830462
302	1.539172601
303	0.088399369
304	0.512065249
307	0.005285679
308	0.248026790
310	0.023990221
311	6.308477586
313	0.365024639
314	0.982844993
315	0.525974447
317	0.115535468
319	0.188131775
320	0.192130855
322	0.226499733
323	0.355056877
325	1.102247249
326	0.996706451
327	0.357783645
328	1.215639586
329	0.846856466
331	0.619982190
332	0.429012790
333	0.959884843
334	0.316217846
335	0.185398476
337	0.391506484
338	0.197362718
339	0.651646202
343	0.971468641
344	0.768368045
345	0.152285174
347	0.205913337
349	0.807750594
350	0.261654757
351	0.830184860
352	0.095933201
353	0.466095240
355	0.133901772
356	0.352246078
357	0.576952580
358	0.345152057
359	0.298168599
361	0.129520688
363	0.000000000
364	0.170960802
365	0.185804422
368	0.393989521
369	4.992417210
370	0.142919196
371	0.478370880
373	0.219093306
374	0.742943729
376	1.042264801
377	0.069935035
379	0.743336090
380	0.750798915
381	0.626138562
382	0.199845308
386	0.729790410
387	0.765713658
388	0.581549004
392	1.195085160
393	0.139905838
394	0.123344725
395	0.009515826
396	0.001931350
398	0.435463304
399	0.476244511
400	0.325047886
401	0.384927621
402	0.000000000
403	0.293392487
404	0.609019293
406	0.273042253
407	0.101535445
408	0.000000000
409	0.258525387
410	0.370595915
411	0.202269315
412	0.236632343
413	0.185402612
414	0.001342905
415	0.314701200
416	0.316489744
417	0.383626697
418	0.045692649
419	0.074083564
420	0.000000000
421	0.559966573
422	0.163577770
423	0.479702946
424	0.050948963
425	0.819256441
430	0.198280471
431	0.267233965
432	0.000000000
434	0.423277058
435	0.290773080
436	0.469600582
437	0.209632661
439	1.620695439
440	0.661905353
442	0.384607426
443	0.077480867
444	0.000000000
447	0.138464510
448	0.000000000
450	0.000000000
451	0.167868885
453	0.146886215
454	0.001124832
456	0.000000000
457	0.299670234
459	0.145003447
460	0.526795587
461	0.091675745
464	0.390336224
465	0.187679417
466	0.236047303
468	0.074137297
469	0.172318934
470	0.000000000
471	0.166121747
472	0.003903300
473	0.055695313
474	0.000000000
476	0.474556765
477	0.112117809
478	0.000000000
479	0.425409993
480	0.000000000
482	2.314067448
484	0.062324801
485	0.092274288
486	0.000000000
487	0.779644008
488	0.487438055
489	0.163444151
490	0.113281961
491	0.144365599
494	0.134897914
495	0.000000000
497	0.065053173
500	0.891252395
501	0.219510584
502	0.126825113
503	0.170187304
504	0.032461005
505	0.055256508
507	0.086355793
508	0.045281492
509	0.259753192
511	0.166088827
512	0.119526852
513	10.933519060
514	0.037935412
515	0.030333810
516	0.000000000
518	0.797983555
519	0.078880011
520	0.147981900
524	1.391708785
525	0.335518376
526	0.464831432
527	1.118292743
528	0.000000000
529	0.545651344
530	0.236114903
531	0.148320682
532	0.196556825
533	0.364855316
534	0.003504403
539	0.000000000
540	0.000000000
542	0.549015322
544	0.189432972
545	0.456745176
546	0.010575607
547	0.424941840
548	0.361868873
549	0.133292199
550	0.248435826
551	0.175483035
553	1.010167763
554	0.241025150
555	0.842174626
556	0.454034469
557	0.309501071
559	1.224960740
560	0.383438413
561	2.026856489
562	0.507757066
563	0.639777914
565	0.402897882
566	0.608682231
567	0.225578832
568	0.593388166
569	1.887301535
571	0.546281213
573	0.621324876
575	0.212023857
577	0.684065388
578	0.399829943
579	0.171545424
581	0.097808521
583	0.260394666
584	0.125172398
585	0.377285374
586	0.081021558
587	0.572706202
589	0.549376268
590	0.363749210
591	0.409964312
592	0.433094777
593	1.276870297
595	0.649970233
596	0.226811577
597	0.416150542
598	0.741734813
599	1.265041847
601	2.456275555
602	0.988133728
605	0.855965633
607	0.276745851
608	0.255873194
609	0.737976595
610	5.515943311
611	0.490182134
613	2.642231483
614	0.411463765
615	2.348123171
616	0.733126941
617	1.016492896
619	0.857184552
620	0.000000000
621	58.906200290
622	1.515314318
623	0.000000000
625	3.025606405
626	1.185815991
627	0.567623107
628	0.695337194
629	0.471762494
631	1.562772869
632	0.479001928
633	0.000000000
635	0.353663168
637	0.307034221
638	0.592290430
639	0.133585378
640	0.139457199
641	0.566815401
643	0.214328394
644	0.188692550
645	0.254776444
646	0.297313933
647	0.492491610
649	1.187156046
651	0.342464464
652	0.423852613
653	0.200072131
655	0.359408584
656	0.723252775
657	0.153550916
658	0.312281559
659	0.217377140
661	0.901478882
662	2.513896982
664	0.645621162
665	0.329406949
668	1.471589841
671	0.133712116
674	0.316607975
676	0.100275667
677	0.139115672
679	0.271506652
680	0.260788925
681	0.000771984
683	0.530169443
684	0.000000000
686	0.582505158
687	0.051614586
688	0.160267949
689	0.327230696
690	0.000000000
691	0.228921403
693	0.000000000
694	0.039194575
695	0.164996518
696	0.000000000
698	0.420566797
699	0.078256125
701	0.247871556
702	0.006703543
704	0.280942905
705	0.179601015
706	0.124470359
707	0.150884935
708	0.000000000
709	0.000000000
710	0.000000000
716	1.015172433
717	0.139032538
718	0.239222168
719	0.065027456
720	0.000000000
723	0.000000000
725	0.238564510
726	0.000000000
728	0.538060786
729	0.830365209
730	0.155619516
732	0.000000000
733	2.143472758
734	1.296381604
735	0.006933715
736	0.452768110
737	0.238951177
738	0.000000000
739	0.322437074
740	0.619030320
741	0.227825334
742	0.197104938
743	0.260684283
744	0.000000000
746	0.857564752
747	0.297999750
748	0.260396667
749	0.656095994
750	0.000000000
751	0.424996726
752	0.567644742
753	0.161331013
755	0.338964224
757	0.656956679
758	0.533594555
759	0.177338828
760	0.036474540
761	0.000000000
763	0.436233581
764	0.452627730
765	0.150038307
766	0.258900971
767	0.923513579
770	0.934018361
771	0.548586093
772	0.121042053
773	0.241926262
774	0.000000000
775	0.126295520
777	0.222263078
778	0.102088954
779	0.171808974
781	0.957482518
782	0.537668847
783	0.113155705
784	0.090616636
785	0.609456315
786	0.000000000
787	0.509181672
789	0.326879511
790	0.084558509
791	0.130452413
793	0.424595939
794	0.344996315
795	0.232857717
797	0.102501430
799	0.773280196
800	2.041049394
802	0.039930056
803	0.309541699
804	0.000000000
805	0.092682852
806	0.557243204
807	0.340575943
808	0.508939322
809	0.006721881
810	0.000000000
811	99.999999999
812	0.142708319
813	0.000000000
814	0.000000000
815	0.000000000
816	0.000000000
818	0.487106893
819	0.397287913
820	0.262277026
821	0.442387439
823	0.599575544
824	1.459339498
825	0.069671495
826	0.140898687
827	0.087845654
829	1.204550907
830	0.000000000
832	0.229314283
833	0.039921908
835	0.189161752
836	0.349901700
837	0.165713198
838	1.255820063
841	2.367523369
842	0.483566452
843	0.165776237
844	0.512425765
845	0.378261151
847	0.368149000
848	1.267709765
849	0.581719861
850	0.416208631
851	0.075294619
853	0.880646083
854	0.557081921
856	0.380528282
857	0.443247332
859	0.414301793
860	0.265231953
862	0.282046441
863	0.305983520
866	0.376521060
867	0.210501177
868	0.261683867
869	0.318855307
872	1.782054959
873	0.098816268
874	45.649398650
875	0.277737687
877	0.270939448
878	0.643508882
879	0.130327673
880	0.723201363
881	0.526281589
883	0.144108855
884	33.526414380
885	0.497346915
886	20.602249150
887	0.129230568
889	0.000000000
890	0.724543882
891	0.278529995
892	3.833750183
893	25.369927600
896	2.027141749
897	0.000000000
899	0.149665318
901	0.492326173
902	0.780788849
903	0.985293903
905	0.207304521
909	1.083076101
910	55.842250530
911	0.758739250
913	1.288070500
914	0.459546280
915	0.207943767
916	0.469748484
917	0.489628085
919	0.905692916
920	0.000000000
921	0.511270330
922	15.975652500
923	0.354852604
925	0.257129992
926	0.685523023
927	0.278001952
928	0.169544333
931	1.072983122
932	0.582901688
933	0.227670151
934	0.299844843
937	0.940829614
938	1.127431006
939	1.770115370
940	3.004438180
941	0.346834671
943	0.294504381
945	0.317651860
946	0.228275578
949	0.820935224
950	0.170361277
951	0.527885070
955	0.182271568
956	0.296192349
957	4.210969499
959	1.443702786
961	0.799407877
962	0.060837694
963	0.071871696
964	2.493232916
965	0.622415708
968	0.908854139
969	0.126438893
970	3.395270779
971	0.000000000
973	0.356969067
974	0.365230949
975	0.198591404
976	0.130551581
977	0.325193709
981	0.000000000
982	0.139427140
983	0.501105901
985	2.174373466
986	0.315321527
987	0.168756862
989	0.224431315
992	0.239188260
993	0.009906997
995	0.756200196
996	0.077382015
997	0.099186658
998	0.533184569
999	0.155054918
1000	1.235434925
1004	0.196719012
1005	0.238984444
1006	0.000469869
1007	0.296174679
1009	0.932966883
1010	0.737959514
1011	0.029055409
1012	4.375537016
1016	0.043847020
1017	0.066197217
1018	0.043020461
1019	0.183949711
1023	0.069605171
1024	0.000000000
1025	0.113447312
1028	0.184360150
1029	0.047191637
1030	0.113648770
1031	0.329667618
1033	0.000000000
1034	0.000000000
1035	0.220068018
1036	0.220580227
1037	0.490591064
1040	0.256257916
1041	0.069211193
1042	0.011518500
1043	0.000000000
1045	0.276245320
1046	0.273011804
1047	0.188655286
1048	0.173306210
1049	0.145348450
1050	0.028049613
1051	0.663737674
1052	0.416132291
1053	0.000000000
1055	0.476593136
1058	0.535784871
1059	0.138854307
1060	0.148290075
1061	1.834383610
1064	0.109182013
1065	0.290748579
1066	0.081936746
1069	0.829384928
1070	0.395735726
1071	0.061570792
1072	0.176725484
1073	0.937578241
1075	0.338746330
1076	0.243881336
1077	0.087716484
1078	0.065016472
1079	0.616330074
1081	7.336327340
1082	0.188346869
1084	0.037339533
1085	0.503503533
1086	0.000000000
1087	0.615424410
1088	0.334373743
1089	0.000000000
1090	0.212161480
1091	0.245613501
1093	0.818698627
1094	0.283653315
1095	0.176083942
1096	0.230311123
1097	0.000000000
1100	0.460394000
1102	2.849017956
1103	0.490240971
1105	1.925683180
1106	0.321841285
1107	0.000000000
1108	0.096694502
1109	0.224130480
1110	0.000000000
1111	2.643824056
1112	0.205987271
1113	0.084172891
1114	0.222656021
1115	1.458901023
1117	2.225151067
1118	0.203125212
1120	0.284243703
1121	0.000000000
1123	0.567154772
1124	0.126089110
1125	0.183634271
1126	1.315310349
1127	0.288335913
1129	0.632590713
1130	0.262910925
1131	0.454635295
1132	2.060549936
1133	4.413595975
1135	2.816869993
1136	0.647408021
1137	0.147002389
1138	1.468369566
1139	1.198302700
1141	0.414101456
1142	1.111662355
1143	0.218672087
1144	2.177611169
1145	0.661015848
1147	0.142014597
1148	0.442003184
1149	0.079209293
1150	2.146720361
1151	0.650209910
1153	0.203444688
1154	0.455699042
1155	0.101353493
1156	0.615935202
1157	0.068882280
1159	27.537921950
1160	0.175845443
1161	0.010670208
1165	0.136919857
1166	0.228774202
1167	0.291948577
1168	0.197668168
1169	0.095281119
1171	0.360277407
1172	1.303581330
1173	0.260773624
1175	0.930118802
1177	0.216315167
1178	0.165852789
1179	0.492668240
1180	0.304911864
1181	0.266833916
1185	0.557814279
1186	0.000000000
1187	0.026259615
1189	0.974797047
1190	0.550958968
1191	0.603766917
1192	0.580560088
1195	0.135991804
1196	0.622591105
1197	0.682880751
1198	0.121652791
1199	0.453247655
1201	0.140293393
1203	0.040500550
1204	0.344355537
1207	1.736767120
1208	1.566947664
1209	2.421986475
1211	0.164934138
1213	0.025239740
1214	0.890522755
1215	0.106260897
1217	0.327716678
1219	0.382948701
1221	0.388219324
1222	0.254564226
1223	0.107074491
1226	0.827629038
1227	0.995196622
1228	0.074721776
1229	0.200261658
1231	0.579912684
1232	0.517145413
1233	0.317433226
1235	0.000000000
1237	0.191236128
1238	0.243922438
1240	0.092658035
1241	0.000000000
1243	0.435948015
1244	0.471080687
1245	0.177522739
1246	3.095037074
1247	0.000000000
1250	0.934676000
1251	6.568190884
1252	0.133726800
1255	0.917734869
1256	0.166603169
1257	0.110860816
1258	0.336297583
1259	0.309082568
1260	0.078169215
1261	0.266590339
1262	1.410039384
1263	0.103866586
1264	0.207880891
1266	0.000000000
1267	0.603406636
1268	0.229682520
1270	0.394547269
1271	0.914625044
1273	0.609713775
1274	0.012756126
1275	0.105110675
1276	0.179466441
1277	0.496925290
1278	0.000000000
1280	0.480907855
1281	0.410173934
1282	0.214321273
1283	0.861893445
1284	0.000000000
1285	0.167871160
1286	0.010438028
1287	0.172922327
1288	0.420034244
1291	0.933053649
1292	0.139642510
1293	0.661460207
1294	0.045037376
1295	0.079807445
1296	0.000000000
1298	0.247538600
1300	0.149552420
1301	0.134805880
1302	0.000000000
1305	0.070121054
1306	0.087701908
1307	0.141655462
1308	0.000000000
1310	0.253692151
1313	0.107834724
1314	0.000000000
1316	0.139657858
1317	0.065616244
1318	0.310349845
1319	0.282566471
1320	0.000000000
1322	0.222162903
1323	0.822767340
1325	0.120074098
1328	0.509028596
1329	0.107265799
1331	0.099175121
1332	0.000000000
1333	0.060396259
1334	0.361143506
1335	0.089251092
1336	0.102782663
1337	0.305624464
1341	0.028313293
1342	0.509563881
1343	0.666283271
1345	0.093300319
1346	0.098852686
1347	0.202694091
1348	0.000000000
1349	0.045398854
1350	0.000000000
1351	0.302263508
1352	0.210759798
1354	0.348349287
1357	0.170412330
1358	1.059353679
1361	0.000000000
1362	0.000000000
1363	1.068335569
1365	0.292313576
1366	0.022862098
1367	0.103313913
1370	0.346950745
1372	0.145112579
1373	0.149602650
1377	1.100974847
1380	0.000000000
1382	0.377516442
1383	0.152298636
1385	0.189894964
1386	0.000000000
1389	0.366302003
1390	0.058443868
1393	0.035777745
1394	0.728704821
1395	0.000000000
1396	0.120048907
1397	7.941069885
1400	0.455370174
1401	0.245969848
1402	0.193952979
1403	0.329932750
1404	0.000000000
1405	0.256925410
1406	0.839575008
1407	0.054602272
1408	0.036050149
1409	0.000000000
1411	0.179746018
1412	2.508104571
1413	0.107333534
1415	0.231646472
1417	0.666731176
1418	0.891963840
1419	9.188441809
1420	0.224389743
1421	0.206310308
1423	0.159956890
1424	0.116229754
1425	0.759385551
1426	0.254274720
1427	0.804273731
1429	0.713593312
1430	0.000000000
1431	12.339187540
1432	0.985901876
1435	0.264114449
1436	0.108518374
1438	0.560529293
1439	1.127525462
1441	0.535889372
1442	0.191876847
1443	0.145035584
1444	0.345290811
1448	0.361630322
1449	0.289746355
1450	0.322347988
1453	0.659076838
1454	0.579504835
1455	0.108144253
1456	0.317905775
1457	0.129333977
1459	0.060503065
1460	0.026482009
1461	1.156891821
1462	0.171725105
1463	0.294938214
1465	3.430032711
1466	0.920737738
1467	0.209565754
1468	0.887998392
1469	0.948687491
1471	0.140303655
1472	1.112556335
1473	0.440267265
1474	0.231138510
1477	0.172302717
1478	0.252940660
1479	1.118158237
1480	0.186429612
1481	0.534691619
1483	0.194259356
1484	0.687422506
1485	0.100676621
1486	0.492191155
1487	0.002315372
1489	0.520301141
1490	0.643199825
1491	0.512028447
1492	0.467905657
1493	0.111024082
1495	0.000000000
1496	0.428822478
1497	0.151404807
1498	12.801600870
1499	0.059041284
1501	0.240662252
1502	0.267301199
1503	0.339051164
1504	0.195839206
1505	0.043108041
1507	0.174145646
1508	0.603325998
1509	0.323668676
1510	0.236237930
1511	0.567258588
1513	0.101113929
1514	0.292286128
1515	1.979423539
1516	0.458704911
1517	0.000000000
1519	0.877279391
1520	0.956396733
1521	3.790614915
1522	0.256611332
1526	1.093412224
1528	0.194335589
1529	0.000000000
1531	0.143321785
1532	0.373769541
1533	0.400079925
1535	0.003520225
1537	0.087283333
1538	0.673105660
1539	6.235902680
1540	0.091204529
1541	0.000000000
1543	0.246145691
1544	0.561385020
1545	0.129238208
1546	0.438615154
1548	0.000000000
1549	0.376125575
1550	0.592151923
1551	0.050314284
1552	0.266415076
1553	0.304591298
1554	0.000000000
1556	1.019853391
1557	0.048988518
1558	0.021015588
1559	0.000000000
1560	0.000000000
1561	0.440726494
1562	0.468449156
1563	0.860574785
1565	1.106698732
1566	0.000000000
1568	0.574501055
1569	0.180756477
1570	0.068293504
1571	1.236212021
1572	0.000000000
1573	0.836575165
1574	0.242884001
1575	0.337560238
1577	0.121214651
1579	0.291931208
1580	0.000000000
1581	0.373984255
1582	0.166410106
1583	0.188469991
1584	0.024510205
1585	0.629885700
1587	0.004713206
1588	0.182410124
1589	0.570832186
1590	0.000000000
1591	0.000000000
1592	0.415019350
1593	12.149025190
1595	0.490331769
1597	2.186697492
1600	0.000000000
1601	0.000000000
1602	0.000433336
1603	0.666665468
1604	0.629714000
1606	0.076748683
1608	0.000000000
1611	0.083508385
1612	0.267754536
1613	0.395029251
1614	0.000000000
1615	0.378840811
1617	0.031508001
1618	0.111277731
1619	0.227906677
1620	0.020443653
1621	0.451297558
1622	0.720044955
1623	0.173106223
1624	0.047760299
1625	0.633205422
1627	0.046967836
1628	0.000000000
1629	1.113358760
1631	0.341114866
1632	0.000000000
1633	0.349905072
1634	0.441373269
1636	0.495814287
1638	0.000000000
1639	0.110708480
1640	0.194460126
1641	0.049309948
1642	0.377233779
1643	0.047896985
1645	0.205336177
1646	1.385403430
1648	0.082980757
1649	2.450328740
1652	0.285982441
1653	17.955385500
1655	0.043921411
1656	0.000000000
1657	11.456841130
1659	0.176606106
1660	0.384183414
1661	0.000000000
1663	0.131818345
1664	0.404505995
1665	0.280325721
1666	0.144684767
1667	0.473410182
1668	0.024423086
1670	0.000000000
1672	0.338886344
1673	0.472760941
1674	0.000000000
1676	0.000000000
1677	0.074589900
1678	0.512195802
1679	0.553285307
1680	0.020916685
1681	0.260311584
1682	0.900899458
1683	0.056803254
1685	0.269802392
1686	0.000000000
1687	0.000000000
1688	0.884341760
1689	0.304487497
1690	0.188805189
1691	1.462096160
1692	0.005171283
1693	0.445673447
1694	0.914380269
1695	0.108206651
1696	0.132578062
1697	0.000000000
1698	0.000000000
1699	0.247337819
1700	0.108467754
1701	0.166971360
1702	0.240095734
1703	0.368143261
1705	0.353489163
1706	0.484881875
1707	0.253051287
1711	0.343124296
1712	0.090312669
1713	0.511638311
1714	0.247022137
1715	0.466668526
1717	0.150828346
1718	0.478093885
1719	0.278603757
1720	0.111528649
1721	0.336307682
1723	0.220783511
1724	0.479400098
1725	0.656981959
1726	0.112097168
1727	0.112548744
1729	0.404770244
1731	0.029757123
1732	0.361253705
1733	0.127014392
1735	0.494615702
1736	0.764618500
1737	0.363676219
1738	0.480250086
1739	1.297152816
1741	0.154539627
1742	0.623320295
1743	0.708811647
1744	0.488452994
1747	0.292072150
1748	0.372879253
1750	0.510055539
1751	0.118700206
1753	0.117852678
1755	0.473763205
1756	0.402285638
1757	14.318867740
1759	0.193076906
1760	1.293157017
1761	0.285343639
1765	0.027751527
1766	0.248533019
1767	0.467804296
1768	0.266589694
1769	7.536406725
1772	0.216496929
1773	0.235384034
1774	0.211092917
1775	0.950264527
1777	0.823509097
1778	0.552288725
1779	0.131637268
1781	1.631012129
1783	0.086392147
1784	0.785298524
1785	0.212882818
1786	1.042230008
1787	1.694486959
1789	0.734331397
1790	0.395755645
1791	0.499706044
1792	1.127564240
1795	0.330072597
1796	0.443924986
1797	0.054465204
1798	1.349238037
1801	0.000000000
1802	0.352352273
1803	60.475817200
1804	0.842127615
1807	0.362283940
1808	0.311468275
1809	0.476362362
1810	0.287954856
1811	0.000000000
1814	0.180249507
1815	0.359958559
1816	0.736135790
1817	0.027187085
1819	0.509824275
1820	0.224823564
1821	0.083288393
1822	0.556706641
1823	0.096711449
1825	0.063069759
1826	8.566982190
1827	0.262968073
1828	0.275648414
1832	0.613605532
1834	0.446140828
1836	0.000000000
1837	0.025106856
1838	0.731510146
1839	0.026005254
1840	0.043959912
1841	0.000000000
1842	0.044804110
1844	0.056678134
1845	0.000000000
1846	0.139135116
1847	0.191596934
1848	0.000000000
1849	0.155275324
1850	0.227971937
1852	0.107227027
1853	0.131080437
1854	0.000000000
1855	0.000000000
1856	0.117643094
1857	6.318254672
1859	0.039767062
1861	0.336625055
1862	0.814004947
1863	0.000000000
1865	0.144787128
1868	0.426777528
1869	0.056029738
1870	0.158065100
1871	0.234281669
1872	0.000000000
1874	0.037393808
1875	0.094405941
1876	0.130407986
1877	0.054103461
1878	0.000000000
1880	0.237451652
1881	0.061700867
1882	0.163226299
1883	0.220147031
1886	0.211849715
1887	0.250440433
1888	0.000000000
1889	0.378462446
1890	0.000655526
1891	0.141350361
1892	0.326195685
1893	0.116256609
1894	0.369890369
1895	0.205231839
1898	0.000000000
1899	0.404213228
1900	0.073002834
1901	0.701583127
1902	0.000000000
1903	0.055384092
1904	3.126001868
1906	0.936513220
1907	0.000000000
1909	0.137824690
1910	0.663659358
1911	0.440538153
1912	0.169110194
1913	0.172486406
1914	0.000000000
1915	0.365417723
1917	0.157216163
1918	0.210725596
1919	0.000000000
1921	0.075896177
1922	0.190344434
1923	0.218679640
1924	0.154455027
1925	0.133924675
1926	0.043151271
1927	0.574278080
1928	0.334934430
1929	0.000000000
1930	0.221972291
1933	0.343976067
1934	0.398529252
1935	0.644056180
1936	0.308854505
1937	0.010591837
1939	0.332146188
1940	0.586112828
1941	0.224223862
1942	0.097387396
1945	0.130979663
1946	0.551460368
1947	0.140104846
1948	0.000000000
1949	0.000000000
1953	0.099528665
1955	0.000000000
1957	0.025708322
1958	0.328528274
1959	0.101329773
1961	0.000000000
1963	0.257087938
1965	0.421054494
1966	0.259484947
1967	0.410214387
1968	0.000000000
1969	0.053278113
1970	0.380430696
1971	0.083121889
1972	0.290545488
1973	0.092040202
1975	1.034634522
1977	0.042620380
1978	0.459949908
1979	1.498848254
1980	0.000000000
1981	0.309892951
1982	0.851133346
1983	0.355429091
1985	0.000000000
1987	0.000000000
1988	0.174848807
1989	0.163169283
1993	0.000000000
1994	0.242596867
1995	0.649428602
1996	0.090612726
1999	0.202538333
2001	0.068428651
2002	0.438642538
2005	10.830880440
2006	0.234698292
2007	0.049128488
2008	0.371672991
2012	0.415417404
2014	0.447547351
2015	0.316467503
2017	0.126044397
2018	0.114207523
2019	0.190690045
2020	0.213238165
2021	0.024036948
2023	0.965610393
2024	0.307073067
2025	0.228519518
2026	0.773878223
2030	3.565652590
2031	0.042595875
2032	0.134971368
2035	0.074678383
2036	0.583115645
2037	1.284705026
2041	0.132499841
2042	0.295623824
2043	0.371048117
2044	0.352208320
2047	0.371310989
2048	0.115375668
2049	0.254602377
2050	0.125764480
2053	0.000477592
2054	0.288626962
2055	0.177235842
2056	0.277001473
2059	0.574395989
2061	0.688216578
2062	0.671026975
2065	1.125405171
2066	1.502467582
2067	0.341300653
2068	0.302598249
2071	0.811385264
2072	0.354178222
2073	0.508730476
2074	0.328352349
2077	0.294881074
2078	0.432481663
2079	0.272767291
2080	0.346791302
2083	0.211855743
2085	0.743472115
2086	0.000000000
2090	0.909488845
2091	0.515491229
2095	0.202481865
2096	0.446898037
2097	3.533320600
2098	0.370668124
2101	0.079458506
2102	0.480131074
2107	0.251077786
2109	0.382795273
2113	0.566186749
2114	0.568023167
2115	1.452424337
2116	0.065205322
2119	2.022324254
2121	0.000000000
2122	0.002021975
2123	0.000000000
2125	59.560001810
2127	0.000000000
2128	0.000000000
2129	0.000000000
2131	0.000000000
2133	0.007446270
2134	0.243281743
2135	0.000000000
2137	0.338610284
2139	0.133800579
2140	0.224515151
2141	0.000000000
2143	0.195118960
2144	0.521454821
2145	0.214608442
2146	0.041213590
2147	0.000000000
2149	0.203753963
2150	0.413776094
2151	0.938825818
2152	1.607014396
2155	0.092775408
2156	0.175608541
2157	0.191890131
2159	0.008246231
2161	1.596816136
2163	0.023656928
2164	0.333832388
2165	0.000000000
2167	0.833494728
2169	0.276864885
2170	0.333660263
2171	0.000000000
2173	0.017710551
2174	0.213567786
2175	0.073922504
2176	0.037185071
2177	0.000000000
2179	0.552949764
2180	0.629990914
2181	0.000000000
2183	0.000000000
2186	0.196442493
2187	0.453483202
2188	0.065337478
2191	0.262417259
2192	0.780875428
2194	0.261222447
2195	0.000000000
2198	0.598520105
2200	0.403953690
2201	0.006032731
2203	0.699225509
2204	0.073602632
2205	0.004810520
2206	0.086109898
2207	0.109880008
2210	0.170340694
2211	0.000000000
2212	0.267807646
2213	0.000000000
2215	0.255224712
2216	0.112042100
2218	0.620059985
2221	0.976944787
2223	0.097145873
2227	0.099271066
2228	0.676617494
2229	0.590148801
2230	0.378261481
2231	0.000000000
2233	0.225076154
2235	0.327249802
2236	0.501857635
2237	0.000000000
2239	0.159301541
2242	0.142315054
2243	0.007575922
2245	0.214429529
2246	1.551961294
2247	0.000000000
2248	0.445527150
2249	0.000000000
2251	0.071044598
2252	1.146174151
2253	0.111192761
2254	1.718525168
2255	0.007349686
2257	0.076437475
2259	0.007484252
2261	0.000000000
2266	0.000000000
2267	0.000000000
2269	0.991687549
2270	0.328348224
2271	0.064492882
2273	0.000000000
2276	0.329209941
2277	0.000000000
2278	0.023662267
2281	1.144394439
2282	0.211584485
2283	0.431200720
2284	0.782322900
2287	0.000000000
2288	0.000000000
2289	0.000000000
2290	0.133215257
2293	0.168001884
2294	0.324484045
2295	0.248345644
2296	0.261882256
2299	0.085726209
2300	0.299805737
2301	0.867365345
2302	1.671738717
2305	0.270912621
2306	0.501130688
2307	0.244851124
2308	0.061115756
2309	0.194773390
2310	0.264928658
2311	0.719357059
2312	0.023536588
2313	0.498218950
2314	0.122921214
2316	0.649442459
2317	0.703748401
2318	0.086746017
2319	0.451700695
2320	0.520465555
2321	0.000000000
2323	0.120743282
2324	0.143916264
2325	2.965045100
2326	0.000000000
2327	0.078292438
2328	0.487395099
2329	0.272168395
2330	0.140409097
2331	0.039891773
2332	0.388180403
2333	0.496322565
2334	0.032500491
2335	0.294320346
2336	0.060355153
2337	0.145163278
2339	0.273135518
2340	0.693130958
2341	1.281160735
2342	0.095698770
2343	0.277824538
2344	0.415700939
2345	0.094214878
2348	0.381152156
2349	0.254073650
2350	0.509484965
2353	1.098383525
2354	0.118528155
2355	0.314839922
2356	0.472755923
2357	0.071942084
2359	0.316469434
2360	1.759916990
2361	0.206666298
2362	0.355096982
2365	0.165720817
2366	0.263553128
2367	0.143915491
2368	0.284361521
2371	5.000359470
2372	0.119254501
2373	0.083443524
2374	0.049935529
2375	0.028102779
2376	0.836623395
2377	0.057583162
2378	1.082816712
2379	0.000000000
2383	5.039652374
2384	0.685867736
2385	0.135459853
2386	0.702694461
2387	0.001651777
2389	0.644693218
2390	0.526712770
2391	0.147178447
2392	2.569373331
2395	1.399708127
2396	0.037071027
2397	0.526828313
2398	6.662774088
2399	0.045171931
2401	9.359281114
2402	0.462052838
2403	1.090511220
2404	0.661025168
2405	0.000000000
2407	0.149558699
2408	0.224929847
2409	0.493588407
2410	1.611581244
2412	0.136833807
2413	0.431501298
2414	0.058157765
2415	2.172401589
2416	0.221336703
2417	0.106172994
2418	0.000000000
2419	3.770873578
2420	0.400998001
2421	0.182770114
2422	0.388388329
2423	0.355934939
2424	0.267298109
2425	0.391899660
2426	0.150807176
2427	0.627117692
2428	0.115872531
2429	1.125823001
2430	0.094330249
2431	0.000000000
2433	0.313753217
2434	0.061737509
2435	4.655208094
2437	0.000000000
2438	0.161708793
2439	0.317846086
2441	0.266422177
2443	0.262573999
2445	2.830524315
2446	0.197322762
2447	0.142276749
2448	0.545265606
2449	0.149948192
2451	0.555420747
2452	0.000000000
2453	1.600412468
2455	0.315968053
2456	0.135638679
2457	0.310900904
2458	0.930361163
2460	0.205012635
2461	0.245834873
2462	0.000000000
2463	1.645911512
2464	1.405503284
2466	0.338108493
2467	0.394027488
2468	0.192733881
2469	0.464255011
2470	0.235700347
2471	0.000000000
2472	4.038482564
2473	0.401370580
2474	1.623396169
2476	0.587022430
2477	0.733764979
2478	0.295162786
2480	0.197307031
2481	0.124942188
2482	0.121355946
2483	2.326594529
2484	0.271857893
2485	0.446135349
2486	0.337962128
2487	0.214106908
2488	0.611397802
2489	0.230518287
2490	0.767181796
2491	0.746569789
2492	0.000000000
2493	1.004398812
2494	12.619841010
2496	0.000000000
2497	0.118124242
2499	0.000000000
2500	0.000000000
2501	0.231519282
2502	0.025861621
2503	0.066908111
2504	0.243755334
2505	0.066495356
2506	0.459774836
2507	0.043887830
2509	0.000000000
2510	0.086580190
2511	0.452257404
2512	0.043130701
2513	0.459142720
2514	0.000000000
2515	0.000000000
2516	49.945865570
2518	0.119566001
2519	0.065274516
2520	0.000000000
2521	0.616679243
2522	0.183281361
2523	0.152006416
2524	0.275125377
2525	0.570853305
2526	0.142421750
2527	0.290829466
2529	0.537995825
2530	0.085701046
2531	0.285305724
2532	0.000000000
2534	0.000000000
2535	0.331591080
2538	0.004858862
2539	0.079294164
2540	0.132447430
2541	0.324563155
2542	0.543035093
2545	0.000000000
2547	0.061351574
2548	0.299120579
2549	0.960405279
2550	0.000000000
2552	0.103056675
2554	0.356640169
2555	0.043535394
2556	0.000000000
2557	0.429619836
2559	0.467785209
2560	0.202202128
2561	0.268370936
2562	0.032946325
2563	1.490619421
2564	0.058370484
2565	0.000000000
2566	0.369952763
2567	1.741864402
2569	0.148205560
2570	1.525301865
2571	0.216855170
2572	0.248613815
2573	0.223868302
2575	0.616820458
2576	0.050289536
2577	3.469549249
2578	0.527714008
2579	0.580502001
2580	0.194016195
2581	0.665661341
2582	0.194150220
2583	0.236159027
2584	0.400074389
2586	0.447692284
2587	0.251723497
2588	0.196569779
2589	0.118601236
2590	0.170763068
2592	0.489996226
2593	0.372508135
2594	0.187851621
2595	0.249603539
2596	0.162808740
2597	0.408730935
2600	0.402878784
2601	0.141072729
2602	0.224563994
2603	0.252535260
2605	3.709716777
2606	0.066933713
2607	0.375764550
2609	0.267487204
2611	0.619783528
2612	0.131395647
2613	1.084137030
2614	0.420646592
2617	0.510140402
2618	0.745201580
2619	0.222226912
2620	0.000000000
2621	0.343735296
2623	0.833940834
2624	0.038422659
2625	0.711994189
2627	0.002541209
2629	0.076617443
2630	0.034983650
2631	0.287398643
2632	0.176742035
2633	0.201373032
2635	0.108879401
2636	0.226141136
2637	2.870197841
2639	0.404139967
2641	0.453955415
2642	0.047866426
2644	0.217529664
2645	0.285797883
2647	0.184877787
2648	0.379335766
2649	0.582846817
2650	0.452387413
2651	0.387961301
2653	23.270571080
2654	0.000000000
2655	0.601790619
2656	0.235478014
2657	0.093191800
2659	0.319707267
2660	0.183512305
2661	0.126622616
2662	0.219494659
2663	0.121622505
2665	66.357668020
2666	0.000000000
2667	0.000000000
2668	0.935899765
2669	0.000000000
2671	0.377871033
2672	0.303425458
2673	0.534195375
2674	0.102207233
2677	62.378136720
2678	0.000000000
2679	0.000000000
2680	0.043878773
2681	0.000000000
2683	0.529987324
2684	0.332372591
2685	0.591370828
2686	0.168412618
2687	0.204035106
2689	39.613119310
2690	0.000000000
2691	0.000000000
2692	0.140623434
2693	0.000000000
2696	0.126546356
2697	0.984069140
2698	0.282931804
2699	0.305242908
2701	0.415346852
2702	0.097025916
2703	0.121708320
2704	0.257962227
2705	0.190975303
2706	0.218186016
2708	0.515438162
2709	43.692305680
2711	0.102360066
2712	0.000000000
2713	0.376255457
2715	0.113197877
2716	0.349181546
2717	0.427359192
2718	0.146322365
2719	0.000000000
2720	0.000000000
2721	39.828089240
2723	0.000000000
2724	0.000000000
2725	0.216203180
2726	0.123782428
2727	0.249479807
2728	0.266389506
2729	0.119440830
2731	0.291465521
2732	0.295506523
2734	0.468920822
2735	0.364339991
2736	0.000000000
2738	0.101880171
2739	0.208738782
2740	0.428652931
2742	0.399313667
2743	0.411806308
2744	0.160938975
2745	0.226255473
2746	0.943071289
2747	0.117751118
2748	0.000000000
2750	0.848873070
2751	0.085485668
2755	0.365579632
2756	0.261315202
2757	0.849759111
2758	6.801296045
2759	0.000000000
2760	0.254466909
2763	0.103914109
2764	0.253686845
2765	2.596401273
2767	0.898953648
2768	0.697460388
2769	0.741239474
2770	0.426265498
2771	0.136786764
2772	0.709713865
2773	0.274242432
2774	0.171609749
2775	0.046478280
2776	0.433246197
2777	1.044786217
2779	0.291782841
2780	0.216097153
2781	0.196413152
2782	0.132563094
2786	0.059091319
2787	0.243770158
2789	0.357076402
2790	0.000000000
2791	0.879729614
2792	0.198525293
2793	0.515999117
2795	0.636074055
2797	0.182411402
2798	0.102310148
2799	0.384639877
2800	0.128803026
2801	0.129052466
2802	0.144120445
2803	0.231045674
2804	0.096032883
2807	0.233545559
2808	0.726317359
2809	0.481739275
2810	0.294036731
2811	0.244493688
2812	0.249296386
2813	0.000000000
2814	0.125412063
2816	0.490053111
2817	0.412622465
2818	0.223406698
2819	0.074569221
2820	0.083953279
2821	0.152293582
2822	0.306871757
2823	1.037756337
2824	0.190645281
2825	0.127015837
2826	0.005381240
2827	0.000000000
2828	0.531321407
2829	1.685188449
2830	0.307994459
2831	0.187620020
2832	0.000000000
2835	0.632267141
2836	0.157462733
2837	0.241649999
2838	0.000000000
2840	0.291013443
2842	0.816253555
2843	0.151068744
2848	0.223721758
2850	0.005521787
2851	1.639638230
2852	0.894033897
2853	0.140872690
2854	0.300000956
2855	0.185027487
2857	2.545918886
2859	0.063938824
2860	0.082992693
2861	0.115889134
2863	0.663811562
2864	1.494896844
2865	0.000000000
2866	0.223166881
2867	0.189190854
2869	59.945569730
2870	0.000000000
2871	0.000000000
2872	0.000000000
2873	0.123408213
2875	0.586111945
2877	0.676997035
2878	0.879618380
2879	0.243070821
2881	14.377920080
2882	0.000000000
2883	0.000000000
2884	0.000000000
2885	0.000000000
2887	0.084714761
2888	0.155590179
2889	0.142166192
2890	0.399745296
2891	2.615752277
2894	0.159988733
2895	0.212445065
2896	0.107320693
2897	0.246025910
2899	0.400870681
2900	0.898216972
2901	0.507388249
2902	0.138100855
2903	0.064171189
2905	0.776393940
2906	0.335264249
2908	0.061025631
2909	0.058563533
2911	0.110798489
2912	0.271402491
2913	0.251304844
2914	0.761105236
2915	0.349477581
2917	0.000000000
2918	0.752049587
2919	0.267442041
2920	0.799849604
2921	0.214764033
2923	1.354702990
2924	0.469523562
2925	0.740386302
2926	0.322749642
2927	0.084984455
2929	0.064364223
2930	0.240004872
2931	0.201055405
2933	0.345282341
2935	0.866724923
2936	0.052966714
2937	0.767952600
2938	0.340143097
2939	0.207944795
2941	0.219224032
2943	0.191876211
2944	0.261512797
2947	0.078533130
2948	0.671853141
2949	0.265087500
2950	0.319966140
2951	0.183919208
2953	2.101421009
2954	0.246263265
2955	0.000000000
2956	14.814792160
2957	0.185284383
2959	0.000000000
2960	0.259314384
2961	0.274240381
2962	0.209854307
2963	0.281355349
2965	0.360975553
2966	0.700222376
2967	0.173864366
2968	0.327735739
2969	0.176003509
2971	1.652888726
2972	0.474911172
2974	0.120790895
2975	0.212871901
2977	0.977069305
2978	0.199326349
2979	1.616067755
2980	0.614958666
2981	0.190482073
2985	0.580942265
2986	0.124564122
2987	0.353683395
2988	0.000000000
2989	33.490043000
2991	0.198906415
2992	0.083549734
2993	0.000000000
2994	0.000000000
2995	0.767793188
2996	0.318847560
2997	0.665760022
2998	0.000000000
2999	0.327838633
3000	0.000000000
3002	0.108261187
3003	0.107393870
3004	0.223019161
3005	0.068179416
3006	0.000000000
3007	0.113818626
3008	0.500238170
3009	0.268104441
3010	0.102486152
3013	0.168268972
3015	0.275878428
3016	0.193599005
3017	0.305566692
3019	0.254184494
3020	0.580539695
3021	0.153853573
3022	0.224102500
3023	0.126100759
3025	0.241454435
3026	3.553379512
3027	0.384181878
3029	0.045138074
3030	0.000000000
3032	1.556246818
3033	0.378931786
3035	0.085283226
3036	0.000000000
3037	0.667295059
3038	0.505144552
3039	1.198430628
3041	0.279227168
3042	0.000000000
3043	0.330760337
3044	0.982134954
3045	0.191055570
3047	0.336985978
3048	0.000000000
3049	0.833610513
3051	0.625492358
3052	0.290387160
3053	0.598421358
3054	0.000000000
3055	0.000000000
3056	0.471043226
3057	0.306728630
3062	0.672650589
3064	0.382464261
3065	0.000000000
3066	0.000000000
3067	0.645474691
3068	1.250402008
3070	0.082743432
3071	0.255198794
3073	0.592894703
3074	0.395642741
3075	0.478848331
3076	1.133719722
3078	0.000000000
3079	18.327257920
3080	0.532663316
3081	0.000000000
3082	1.171475834
3083	0.000000000
3085	0.695084897
3086	0.381945129
3088	0.629897819
3089	0.194237919
3090	0.000000000
3091	0.205549424
3092	0.260146419
3093	0.278274386
3094	0.000000000
3096	0.022999376
3098	0.000000000
3099	15.184664760
3100	1.192359687
3101	1.586556016
3102	0.000000000
3103	0.385839845
3104	0.173961532
3106	0.415629555
3107	0.190460583
3108	0.000000000
3110	0.272526595
3111	0.456039410
3112	0.296763770
3113	0.098624036
3114	0.000000000
3115	0.537739320
3119	0.019450909
3120	0.000000000
3121	0.177419929
3122	0.069770080
3123	0.819567081
3124	0.400068787
3125	0.150747627
3127	0.339975680
3128	0.000000000
3129	0.000000000
3130	0.028920054
3131	7.653999924
3132	0.000000000
3133	0.727442046
3135	0.212940387
3136	0.098124160
3137	0.592910646
3138	0.000000000
3139	0.392923399
3140	0.169905730
3141	0.094520256
3142	0.831944639
3143	0.222787321
3145	43.299279090
3146	0.000000000
3147	0.000000000
3148	0.000000000
3149	0.000000000
3151	4.110551641
3152	0.601800412
3153	0.874968722
3154	0.345021081
3157	2.223378354
3158	0.544348006
3159	0.726570209
3160	0.311657073
3161	0.333507884
3163	0.185278785
3164	2.083768878
3166	0.083640948
3167	0.171774656
3170	2.664238034
3171	0.298412331
3172	0.128411368
3173	0.000000000
3175	1.242442255
3176	0.530410031
3177	2.156306124
3178	0.155542888
3179	0.224237796
3181	0.302992273
3182	0.817536067
3183	0.359103761
3185	0.138838639
3187	0.740681331
3188	0.579956422
3189	0.113349100
3190	0.416065284
3191	0.163337663
3193	0.044653602
3194	0.130521143
3195	0.107484382
3196	0.274599759
3199	0.226370712
3200	0.474193528
3203	0.171678482
3205	1.054495124
3206	0.228584110
3207	4.521165137
3208	0.523671258
3209	0.454336211
3211	0.365426750
3212	0.302206576
3213	0.120338374
3214	0.065954461
3215	11.621895260
3217	0.495167073
3218	0.134861106
3219	0.684034738
3223	4.453592276
3224	0.257760390
3225	0.865119159
3226	0.152431859
3227	0.329075834
3229	1.208461900
3231	0.198550287
3233	0.245392058
3235	0.295004993
3236	0.312639516
3237	0.166597614
3238	0.174887068
3239	0.131250055
3241	0.118548019
3242	0.745239464
3243	0.557557676
3244	0.481150995
3245	0.279451383
3247	0.178347219
3249	0.228564212
3250	0.717594079
3251	0.251908305
3253	0.319789250
3254	2.422288099
3255	0.181186525
3256	0.163704282
3257	0.207589591
3259	0.282861606
3260	0.383871450
3261	0.182117223
3262	0.679234680
3263	0.256571995
3265	0.766905094
3266	0.606229748
3267	0.227397589
3268	0.162055559
3269	1.532543903
3271	0.216325823
3272	0.439662026
3273	0.206750239
3274	0.218163592
3275	0.032468512
3276	0.019405654
3277	0.636120802
3279	1.008036168
3280	0.078891621
3281	0.265125499
3282	0.000000000
3283	0.298450535
3284	0.878685786
3286	0.093645589
3287	0.000000000
3288	0.000000000
3289	0.198844438
3292	0.239341259
3293	0.188576581
3294	0.000000000
3295	0.326955366
3297	0.252821353
3298	1.598355309
3300	0.000000000
3303	0.335149697
3304	0.203117035
3307	0.214582159
3308	0.142768563
3309	0.090817952
3310	0.105639916
3311	0.172364400
3312	0.000000000
3313	0.226669030
3314	0.467445372
3315	0.594733421
3316	0.096678414
3317	0.205022759
3318	0.000000000
3319	1.027763651
3320	1.955137496
3322	0.333992941
3323	0.140425483
3324	0.000000000
3325	0.545882472
3326	0.000000000
3327	0.553086164
3328	0.000000000
3329	0.039590561
3330	0.000000000
3331	0.243038100
3332	0.461733777
3336	0.066129050
3337	0.900754073
3338	0.348833756
3339	0.762073432
3340	0.250299464
3341	0.735006626
3342	0.000000000
3343	0.788009698
3344	0.503841828
3346	1.154445567
3347	0.143057526
3348	0.000000000
3349	3.038034284
3351	0.337196111
3352	0.000000000
3354	0.000000000
3356	20.334997600
3358	0.220870111
3359	0.068547333
3361	0.238800251
3362	1.035599259
3363	0.405128902
3364	0.367030004
3365	0.037336989
3367	0.169507155
3368	0.787894570
3369	0.890940280
3370	0.206243705
3371	0.099161011
3373	1.205148961
3374	1.474457271
3379	0.438237947
3380	0.229038735
3381	0.000000000
3382	0.241816366
3383	0.345475418
3384	0.027714019
3385	0.307231954
3386	1.074898236
3387	1.986417108
3389	0.145779409
3390	0.000000000
3392	0.579605637
3393	0.000000000
3394	0.194177075
3395	0.027402859
3398	0.442452699
3399	1.028743175
3400	0.437944672
3401	0.000000000
3404	0.000000000
3405	0.000000000
3406	0.111813670
3407	0.226642369
3408	0.000000000
3409	0.147365822
3410	0.312562522
3411	0.129162155
3412	0.836955517
3413	0.367710211
3415	0.505555754
3416	0.356246358
3417	0.000000000
3418	0.458681026
3419	0.060401386
3420	0.000000000
3421	0.330232020
3422	0.000000000
3423	0.195923049
3424	0.042573414
3425	0.489498065
3426	0.000000000
3427	0.802909436
3428	0.732245245
3429	0.138699741
3430	0.261418439
3431	0.286789652
3434	0.289564874
3435	0.145371654
3436	0.605633480
3437	0.096695364
3439	0.422237030
3440	0.555640568
3441	2.215656573
3442	0.262065817
3443	0.087753911
3445	0.188988923
3446	2.492732890
3447	1.080687368
3448	2.446605962
3451	0.850050235
3452	0.931773904
3453	1.935865637
3454	0.417723347
3455	0.124746509
3457	0.364654191
3458	0.240585352
3459	0.238635092
3460	0.267930668
3461	0.013445611
3463	0.000000000
3464	0.366628327
3465	1.068190392
3466	18.418449520
3469	0.113252835
3470	0.425074359
3471	0.439286602
3472	0.819626124
3473	0.028787960
3476	0.617505091
3477	0.170356800
3478	0.355425045
3479	0.565236029
3481	0.105360773
3482	0.387227752
3483	0.128177673
3484	1.322111163
3485	0.017018722
3487	0.072521537
3488	0.792299178
3489	0.929639148
3491	3.938113563
3493	0.140865417
3494	0.874128036
3495	0.648074894
3496	0.293913762
3497	0.281985704
3499	99.999999999
3500	0.000000000
3501	0.000000000
3502	0.000000000
3503	0.000000000
3505	0.452968879
3506	0.823333807
3507	0.373130342
3508	0.052026773
3509	0.022228728
3511	0.160034651
3512	0.183456915
3513	0.276226041
3514	0.407834774
3515	1.431950698
3517	0.066306180
3518	0.498722956
3519	0.785104113
3520	0.261474539
3521	0.214549186
3523	0.097320984
3524	0.415544651
3525	0.079527746
3526	0.133102214
3527	0.116664820
3529	9.420540034
3530	0.244087384
3531	1.967546263
3532	0.544418861
3533	4.571842222
3535	0.946850205
3536	0.512741702
3537	0.393523581
3538	0.067807460
3542	0.359534498
3543	1.071733162
3544	0.212334380
3545	0.194819234
3547	0.097207765
3548	0.968676592
3549	0.342025762
3553	0.219710643
3554	0.000000000
3555	0.183870437
3556	0.000000000
3557	9.108441788
3560	0.402047577
3561	0.430701669
3562	1.125623980
3564	0.027726533
3568	0.004237695
3569	0.165423120
3570	0.000000000
3571	0.328970700
3572	1.736300030
3574	0.078930606
3575	0.016566750
3577	0.259156705
3579	0.394624277
3580	0.000000000
3581	0.040494660
3582	0.000000000
3583	0.433102577
3584	0.301371094
3585	0.085981013
3586	0.136584679
3587	0.007513866
3588	0.000000000
3589	0.151337821
3590	0.104061733
3592	0.357429041
3593	0.797156851
3595	0.373202756
3596	0.310719076
3597	0.074947298
3598	0.186179624
3600	0.000000000
3601	0.579163204
3602	1.442712062
3603	0.578690509
3604	0.464264811
3606	0.000000000
3608	2.549866798
3609	0.000000000
3611	0.071789242
3612	0.000000000
3613	0.431484239
3614	0.392258088
3615	1.566292885
3616	0.275263041
3617	0.000000000
3618	0.000000000
3621	0.207556244
3622	0.214276686
3623	0.000000000
3624	0.000000000
3626	0.606020034
3627	0.306556707
3628	0.317962462
3629	0.225944303
3630	0.046093001
3631	1.812408979
3633	0.140679954
3634	0.521198081
3635	0.197499951
3637	0.329861436
3638	0.643314186
3640	0.108988238
3641	0.423543844
3642	0.094792035
3643	0.819141340
3644	0.560485001
3645	0.000000000
3646	0.514236074
3647	0.840745654
3648	0.000000000
3649	0.717570357
3650	0.294381049
3651	0.152667715
3652	0.014007657
3653	0.022950207
3654	0.000000000
3655	0.117788368
3656	8.144549632
3658	0.359799887
3659	0.032898001
3662	0.326017634
3664	0.338529958
3665	0.451670044
3666	0.066559926
3667	0.511386466
3669	0.580202930
3670	0.317464166
3671	0.093661910
3674	0.576607406
3675	0.363727277
3676	0.248803582
3678	0.000000000
3680	1.113426830
3681	0.250291450
3682	0.922397466
3684	0.001964741
3686	0.780245570
3687	0.589075931
3688	0.494656366
3691	0.207286367
3692	0.469875475
3693	0.312897970
3694	0.397089361
3695	0.136536400
3696	0.000000000
3698	0.691162900
3699	1.614153811
3700	0.501960149
3701	0.258762720
3702	0.000000000
3705	0.106959147
3707	1.020137407
3708	0.000000000
3709	0.522073639
3710	1.735612601
3711	0.205863366
3712	0.488744428
3713	0.343240409
3714	0.000000000
3715	0.446484495
3716	0.221354226
3718	0.403093567
3719	0.239237403
3721	0.493370387
3722	0.515068418
3723	0.098618231
3724	0.191802681
3725	0.118910838
3727	0.000000000
3728	0.623143950
3729	1.315054063
3730	0.110591100
3731	0.105489025
3733	2.135941631
3734	0.596877101
3735	0.000000000
3736	0.092809534
3737	0.548089809
3739	0.356702115
3740	0.983449568
3741	0.189185338
3742	4.241285334
3743	0.065158871
3745	0.426087402
3746	0.069986284
3747	0.344280711
3748	0.221402530
3749	0.076507511
3751	0.071223759
3754	0.884210745
3755	0.619746483
3757	0.270880119
3758	0.303256592
3759	0.565401944
3760	0.177144223
3763	0.775998275
3764	0.448939556
3766	0.278066861
3767	0.079620757
3769	0.000000000
3771	0.347709489
3773	28.291809650
3775	0.229860793
3776	0.366001975
3777	0.248062762
3778	0.072807092
3779	1.280393047
3781	2.206178943
3782	1.733502302
3783	1.262545363
3785	0.151342490
3787	0.605831095
3788	0.525533174
3789	0.274381434
3790	0.122740181
3791	0.444055936
3794	0.000000000
3795	0.364767331
3796	0.283501931
3797	0.516896678
3799	0.393795170
3800	0.386101375
3801	0.161121565
3802	0.090593153
3803	0.895622557
3806	0.478795932
3807	0.233394243
3808	0.111194701
3809	0.393007409
3811	0.238216820
3813	0.092188475
3814	0.197406718
3815	0.091321610
3817	0.171558249
3818	0.300427276
3819	0.712545953
3820	0.335545499
3821	0.836935884
3823	0.110114216
3824	0.091987216
3825	0.542884612
3829	0.618716632
3830	0.342953179
3831	0.091680308
3832	0.300685950
3833	0.185471122
3835	0.719660438
3837	0.618105556
3838	0.331030671
3841	0.596168488
3842	0.123256750
3843	0.787732660
3844	0.457704889
3845	0.339654124
3848	0.889663937
3849	0.346216572
3852	0.000000000
3853	0.128475567
3854	0.132145132
3855	0.183577012
3856	0.087763566
3857	0.091423324
3859	0.316041484
3860	0.817096917
3861	0.252637098
3862	0.007728262
3863	0.061258190
3864	0.000000000
3865	0.360652763
3866	0.207770524
3867	0.138439659
3868	0.327208357
3870	0.000000000
3872	0.449910520
3873	0.216033787
3874	0.194545175
3875	0.105790460
3876	0.000000000
3877	0.322928973
3878	0.599666257
3880	0.500956897
3881	0.344506362
3883	0.156075955
3884	1.183469009
3885	0.409246353
3886	0.013435861
3887	0.325429008
3890	0.973439024
3891	0.182460240
3892	0.196481147
3893	0.150937334
3894	0.010362263
3896	0.763559454
3897	1.104190182
3898	0.073481080
3900	0.000000000
3902	0.191556159
3903	0.104686511
3904	0.092161957
3905	0.099947504
3907	0.788625567
3908	0.167181252
3909	0.510747423
3910	0.100873450
3911	0.085993190
3914	0.000000000
3915	0.319062373
3916	0.323468488
3917	0.214625316
3918	0.000000000
3921	0.392789517
3922	0.160753017
3923	0.245845390
3926	0.902573466
3928	0.319864748
3929	0.190543425
3930	0.000000000
3931	1.251156759
3933	0.232975201
3934	0.347856266
3936	0.000000000
3938	0.000000000
3939	0.111610879
3940	0.295404327
3941	0.185803502
3942	0.000000000
3943	0.363031574
3944	0.426720098
3945	0.104739124
3946	0.000000000
3947	1.400079176
3949	2.284022084
3950	0.335410315
3951	0.193799611
3952	0.125790478
3953	0.889717622
3954	0.000000000
3955	0.771698549
3956	0.000000000
3957	0.119450282
3958	0.745940313
3959	0.123448733
3960	0.048376087
3961	1.403913898
3963	0.076038847
3964	0.469400871
3965	0.043108084
3966	0.098049787
3968	0.162561336
3970	0.273293182
3974	0.135875122
3975	1.839844594
3977	16.976853540
3978	0.000000000
3979	0.394909278
3980	0.684591711
3981	0.283168422
3982	2.009882059
3983	0.000000000
3985	0.656141608
3986	0.419219498
3987	1.017474292
3989	0.319928307
3990	0.000000000
3992	0.649749042
3995	0.647146302
3996	0.000000000
3999	0.265721139
4000	0.092213648
4001	0.336275959
4002	0.000000000
4003	0.284183284
4004	0.034019079
4005	2.314159019
4006	0.179046532
4009	0.217291180
4010	0.061834169
4012	0.336082737
4013	0.488201403
4015	0.241408235
4016	0.877105368
4018	0.228196573
4021	0.296609176
4022	0.263636129
4023	0.831277717
4024	1.087251402
4025	0.267183514
4027	0.276929494
4028	0.819906418
4029	0.428006005
4030	0.411448913
4031	0.113937720
4034	0.335614472
4035	0.016897386
4036	0.292396604
4037	0.348021342
4039	3.947187580
4040	0.399528635
4041	0.203943230
4042	0.515639504
4043	0.189075826
4045	0.753659418
4046	0.631425507
4047	0.364407996
4048	0.342350964
4049	0.106505987
4051	0.185350806
4052	0.401539094
4053	0.492601758
4054	0.360262166
4055	0.422489041
4057	0.419731675
4058	0.552379306
4060	0.345454003
4061	0.062998584
4063	0.349565828
4064	0.965974188
4065	0.416746877
4066	0.622936496
4067	0.562666801
4069	0.761405405
4070	1.005390054
4071	0.499960066
4072	0.540727329
4073	0.304943013
4075	1.012509078
4076	0.369374846
4077	0.254547922
4078	0.186648339
4081	1.215227588
4082	2.330904003
4083	1.107172895
4084	0.473018215
4090	0.419157330
4091	0.655882488
4093	0.090402293
4094	0.288179994
4095	0.133780688
4096	0.168659576
4097	0.434513847
4099	0.081793187
4100	0.000760806
4102	0.259661890
4105	0.414690698
4107	0.177529029
4108	0.934131325
4109	0.239783230
4111	0.000000000
4112	1.070599313
4113	0.000000000
4114	18.997933110
4117	0.322227605
4119	0.403856551
4121	0.149965700
4123	0.110380430
4124	0.686898069
4125	1.069934636
4126	0.106273236
4129	0.200679385
4130	0.228725972
4131	0.609066845
4132	0.423827838
4133	0.000000000
4136	0.142130252
4137	0.061256696
4139	0.000000000
4140	0.011679639
4141	0.106140211
4142	0.878475981
4143	0.127218361
4144	0.000000000
4145	0.000000000
4146	0.000000000
4148	0.301993366
4149	0.197400027
4150	0.137771804
4151	0.193243542
4152	0.000000000
4153	0.081762146
4154	0.191850834
4155	0.180386463
4156	0.000000000
4158	0.032952554
4160	0.112234900
4162	0.020517833
4165	0.224083640
4166	0.372273246
4167	0.000000000
4168	0.085910545
4169	0.000000000
4171	48.125056930
4173	0.000000000
4174	0.000000000
4175	0.000000000
4176	0.000000000
4177	0.424494586
4178	0.149506218
4179	0.159648303
4180	0.106525719
4181	0.151826748
4182	0.000000000
4183	2.554522647
4184	0.250447467
4185	0.122478970
4186	0.137028764
4187	0.582693617
4188	0.000000000
4189	0.975998755
4190	0.886467320
4191	9.483401475
4193	0.000000000
4194	0.000000000
4195	0.255653375
4196	0.420589312
4197	0.273470068
4199	0.346182288
4200	0.000000000
4201	0.774435096
4202	0.663585306
4203	0.093628715
4204	0.035708349
4205	0.000000000
4207	0.476389768
4208	0.198007326
4209	0.064382421
4210	0.529165085
4212	0.000000000
4213	0.246341004
4214	0.767679124
4215	0.258278764
4217	0.112674653
4218	0.033417088
4219	0.261472582
4220	0.229849131
4221	0.107308770
4222	0.097119778
4223	2.350268030
4224	0.000000000
4226	0.780853723
4228	0.282384878
4229	0.000000000
4230	0.000000000
4231	0.000000000
4232	11.219617230
4233	0.062673171
4234	0.573956660
4238	0.324939582
4239	0.144930788
4240	0.189166848
4241	0.179685274
4244	0.421572275
4245	0.174233603
4246	0.561859526
4247	0.191586296
4248	0.037801621
4249	1.391177846
4250	1.207781933
4251	0.176660499
4252	0.197585940
4253	0.146030656
4255	1.020606201
4256	0.426094317
4257	0.456995470
4258	0.266927563
4259	0.202195192
4261	0.370930395
4262	0.702172411
4263	0.031911859
4264	0.118459564
4265	0.345995942
4266	0.037466605
4268	1.070765448
4269	0.335576159
4270	0.190421858
4271	0.203981571
4272	0.000000000
4273	0.156027491
4274	0.335655562
4275	0.120740514
4276	0.074406416
4279	0.384037990
4280	0.678160553
4281	0.383359587
4282	0.382670744
4283	0.902285389
4284	0.033731239
4285	0.485380422
4286	0.994029825
4287	0.062399822
4288	0.222453176
4289	0.273687273
4290	0.000000000
4291	0.221545337
4292	0.332256015
4293	0.120812791
4294	0.405736323
4295	0.083839164
4297	0.188475141
4298	0.289576133
4299	0.242844841
4300	0.010221129
4303	0.264582634
4304	0.649562504
4305	0.240135837
4306	10.677906750
4307	0.498377069
4309	0.112590322
4311	0.215602764
4312	0.416815330
4313	0.381993623
4315	0.317746015
4316	0.268496308
4317	0.591370137
4318	0.385387834
4319	0.323793634
4321	0.355795092
4322	0.000000000
4323	0.365445436
4324	0.470700356
4325	0.000000000
4327	0.557534967
4328	0.648865526
4329	0.580467739
4330	0.455175128
4331	1.099999386
4333	0.169053048
4334	0.319998253
4335	0.419538006
4336	1.667212740
4337	1.551608579
4339	0.000000000
4340	0.472087911
4341	0.443749604
4342	0.220151212
4343	0.061385696
4345	0.597406594
4346	0.059333223
4347	0.233772454
4348	0.904982431
4349	0.000000000
4351	1.009628462
4352	1.027600081
4355	3.379149129
4357	0.236963073
4358	0.013126735
4359	0.929322041
4360	3.329647380
4361	3.336209728
4363	1.814357482
4364	0.581820062
4366	0.653393070
4367	0.488481012
4369	0.108108491
4370	2.366080397
4371	2.007678760
4372	0.150918898
4373	25.440634600
4375	0.516085148
4376	0.258357584
4377	0.648279002
4378	0.167197116
4379	0.493103520
4381	3.196350173
4383	0.233270978
4384	0.407528446
4385	27.563653960
4387	0.263076249
4389	0.316630136
4390	0.301304467
4391	0.436908232
4393	0.429442820
4394	1.377245436
4395	0.749186493
4396	0.491862454
4397	0.285761128
4399	1.829355431
4400	0.303373972
4402	0.686179292
4403	5.373507400
4405	0.592605608
4407	0.188683011
4408	0.509049939
4409	1.712577264
4411	0.000000000
4412	0.534046229
4413	0.708318564
4414	0.411261695
4415	3.583033421
4418	1.186361611
4419	0.227426260
4420	0.412096223
4421	0.172074805
4424	0.464456387
4426	0.163572826
4427	0.159023970
4428	0.000000000
4430	0.427615754
4431	0.162879040
4432	0.445711819
4434	0.021335826
4435	0.191771172
4436	0.582450071
4439	0.088744553
4440	0.000000000
4442	0.000000000
4443	0.682612629
4444	0.217253913
4445	0.183397360
4446	0.000000000
4447	0.022937226
4449	1.497833973
4450	0.227420412
4451	0.356859208
4452	0.000000000
4453	1.033501397
4454	0.171741676
4455	0.204607160
4456	0.235297460
4457	0.763082239
4459	0.338303126
4461	0.047863026
4462	0.099751713
4463	0.000000000
4464	0.000000000
4466	13.181397570
4468	0.014801005
4469	0.016704849
4470	0.000000000
4473	0.725231714
4475	0.000000000
4476	0.000000000
4478	0.819807878
4479	0.399335844
4480	0.101430712
4481	0.369521213
4482	0.059521659
4483	0.000000000
4484	0.497898235
4486	0.165693458
4487	0.145802896
4488	0.000000000
4489	0.065240809
4490	0.509896098
4491	0.249923056
4492	0.084938469
4493	0.058628287
4494	0.012188647
4496	0.140886495
4497	0.083320664
4498	0.392268155
4499	0.000000000
4500	0.034592498
4501	0.020281481
4502	0.593459840
4503	0.151427495
4504	0.000000000
4505	0.010533062
4506	0.000000000
4508	0.202933200
4509	0.033962847
4510	0.515385869
4511	0.241292817
4512	0.064443933
4514	0.429700643
4515	0.408442249
4516	0.018911365
4517	0.242015788
4518	0.000290119
4519	0.295302319
4520	0.488655565
4521	0.191851340
4522	0.181082338
4523	7.036157242
4525	0.008569175
4526	0.169912347
4527	0.134055854
4528	0.000000000
4529	0.241617544
4531	0.861101100
4532	0.710645248
4533	0.123272643
4534	0.063999054
4536	0.000000000
4537	1.423055185
4538	1.475570274
4539	0.513890472
4540	0.000000000
4541	0.066747901
4542	0.000000000
4543	0.584056821
4544	0.406150563
4545	3.513583042
4547	0.085287548
4548	0.000000000
4550	1.091793717
4552	0.158129979
4553	0.232989254
4554	0.026672295
4556	0.636601916
4557	0.265543193
4558	0.246652193
4560	0.000000000
4562	0.533044406
4563	0.170264220
4564	0.905136306
4565	0.362557469
4566	0.000000000
4567	0.000000000
4568	0.843081498
4570	0.085319791
4571	0.933801911
4572	0.000000000
4575	0.043367150
4576	0.351332840
4577	0.000000000
4578	0.000000000
4579	0.426721117
4580	0.381688574
4582	0.371090721
4583	0.109229166
4585	0.000000000
4586	13.811844500
4587	0.000000000
4588	0.000000000
4589	18.119608770
4591	0.363872615
4592	0.378337102
4593	0.279464000
4594	0.257814271
4595	0.426730923
4597	0.571033911
4598	0.265150941
4599	0.201179372
4601	0.842978781
4603	0.370109529
4604	0.497519539
4605	0.142147007
4607	0.124700157
