	MES.treatment.1	MES.treatment.2	MES.treatment.3	ATP.treatment.1	ATP.treatment.2	ATP.treatment.3		
251779_at	4.197945268	3.178382109	2.921409762	-0.572384716	-0.229447158	-1.804819008	4.301462673	4.301462673
246866_at	4.138828121	2.750068416	3.888595354	-0.459093124	-0.678581474	-0.530862246	4.148676245	4.148676245
257161_at	4.401460562	3.569291577	3.985377633	0.009218033	-0.024971926	-0.390493055	4.12079224	4.12079224
257862_s_at	4.074518271	3.994483462	2.466441397	0.222113059	-1.219078032	-0.64525203	4.059220044	4.059220044
257458_at	5.706169061	5.126885964	5.754437392	1.613251538	1.099356582	1.825374571	4.016503242	4.016503242
246175_s_at	4.834777299	3.330563876	3.307329807	0.719952564	-0.494072535	-0.644054072	3.963615008	3.963615008
252965_at	0.960114008	0.292034419	0.500568232	5.259760101	3.730538732	4.568149009	-3.935243728	3.935243728
257347_at	3.5542765	3.249989945	3.56286004	-0.520134518	-0.022630238	-0.206858292	3.705583178	3.705583178
251202_at	4.510917579	4.019736772	3.352739695	0.66377675	-0.321826684	0.607655157	3.644596274	3.644596274
267124_at	4.550684812	4.774392839	4.848291634	1.013603074	1.223808458	1.351615613	3.528114047	3.528114047
253852_at	4.751337846	3.860030576	4.058494169	0.386891351	1.152072981	1.170175875	3.320240795	3.320240795
262332_at	4.098644692	4.11988741	3.522722839	-0.135366012	0.668463331	1.260377966	3.315926552	3.315926552
247182_at	3.107600587	3.249310227	2.189496425	6.018118139	5.450689655	6.704236842	-3.208879133	3.208879133
259324_at	0.319177747	1.519702677	1.751113086	4.425982471	3.678140034	4.998768063	-3.170965686	3.170965686
264201_at	2.544784084	3.968323992	2.339333881	6.635444714	5.329748238	6.296543154	-3.136431383	3.136431383
255515_at	4.306952789	2.810799274	3.75137934	0.012193078	0.919868719	0.555571163	3.127166148	3.127166148
246032_s_at	4.070420217	5.143880756	4.093818153	1.393685782	1.945577471	0.675267924	3.097862649	3.097862649
262122_at	4.751463398	4.286028948	3.270649028	0.72973392	0.639312484	1.800983403	3.046037189	3.046037189
253906_at	5.588107549	4.890804498	4.227207583	1.831709188	2.146008637	1.59984139	3.042853472	3.042853472
245159_at	4.485448305	5.349366153	4.169595681	2.117219998	1.237627258	1.550200378	3.033120835	3.033120835
260534_at	0.473057831	1.068028916	0.662451718	3.299179494	3.548497265	4.449110156	-3.031082817	3.031082817
265658_at	6.433159802	5.23318471	5.072967068	2.482471347	1.831964922	3.343058651	3.02727222	3.02727222
249052_at	4.588337317	4.535344854	3.587322886	1.21147122	1.902518114	0.636428129	2.986862531	2.986862531
266251_s_at	5.054873348	3.57736823	4.035029188	1.283446648	1.907689823	0.657605136	2.93950972	2.93950972
263486_at	4.121777552	4.831303867	5.273274414	2.327134259	1.008669774	2.209766097	2.893595234	2.893595234
248784_at	2.302319447	2.58320713	2.378051966	5.637338231	4.697392145	5.238336124	-2.769829319	2.769829319
248733_at	5.607965427	4.899258097	4.772381813	1.65958748	2.376916408	3.023215282	2.739962056	2.739962056
253352_at	4.207928406	4.292102253	4.76701504	1.035150532	1.999160409	2.266873214	2.655287181	2.655287181
248368_at	0.622200618	1.193778105	0.36081281	2.67510181	3.567517805	3.889254329	-2.651694137	2.651694137
265666_at	4.261947248	4.213826079	3.187718161	1.153457598	1.71723795	0.918443881	2.62478402	2.62478402
259084_at	4.801684727	5.182793564	4.552208629	2.852001008	2.194708041	1.669812135	2.606721912	2.606721912
261687_at	0.693288808	1.181275683	1.136025243	3.104715163	3.355211058	3.948737886	-2.466024791	2.466024791
262509_at	3.530159304	3.541052416	2.98978064	6.055002548	5.360165156	5.800115917	-2.384763754	2.384763754
262903_at	4.047271682	3.536852812	3.413992475	0.790767988	1.916665233	1.300499901	2.330061282	2.330061282
264065_at	4.382359404	4.970379129	4.525010705	2.321420877	2.037237884	2.679903267	2.27972907	2.27972907
250499_at	1.321673394	1.301778577	2.039703955	4.12173811	3.430738889	3.935502594	-2.274941223	2.274941223
258947_at	6.732014328	6.586480239	6.693218806	9.015156969	9.10478436	8.46146204	-2.189896665	2.189896665
257111_x_at	2.550209103	2.745574707	3.506372625	1.197481246	0.535858415	0.505994471	2.187607435	2.187607435
252116_at	7.999369783	8.948900075	8.415409732	10.88036697	9.932689253	10.95808741	-2.135821347	2.135821347
257171_at	7.274391637	6.839866214	6.296900558	9.085123367	8.377799228	9.323798493	-2.12518756	2.12518756
251221_at	7.157957413	6.307263896	6.35696066	8.580567234	9.003227898	8.488393283	-2.083335482	2.083335482
262536_at	8.298554577	8.947572464	9.041483837	11.30573305	10.32665915	10.85418605	-2.066322461	2.066322461
246694_at	2.928150024	3.46185634	3.490964449	1.607161807	1.325902328	0.94898892	1.999639253	1.999639253
261191_at	6.662809452	7.101801662	7.065832281	8.979196515	8.410399015	9.168904387	-1.909352174	1.909352174
260795_at	5.049447604	4.184240129	4.208741778	2.176461006	2.734868794	2.832573007	1.899508901	1.899508901
258606_at	6.992005769	6.976789594	6.987606716	9.159869209	8.830750311	8.647775615	-1.893997685	1.893997685
248329_at	6.069261885	5.237620726	5.084736332	7.63682941	6.945382013	7.475614293	-1.888735591	1.888735591
251072_at	7.705844227	8.431009486	7.779286963	9.665705238	9.48351452	10.40146271	-1.878180598	1.878180598
245592_at	6.652477783	6.935286859	6.234057315	8.582302344	8.167977612	8.571924145	-1.833460714	1.833460714
260656_at	10.41744838	10.33698599	9.764971589	11.78761382	11.9628753	12.23815157	-1.823078241	1.823078241
263783_at	9.002675238	8.228698564	8.592339779	10.29389539	10.79734782	10.20036789	-1.822632503	1.822632503
262745_at	9.027824346	8.829349332	8.32257961	10.25277461	10.77924362	10.52119475	-1.79115323	1.79115323
245047_at	10.19625986	10.95865104	10.15162139	12.66063936	11.87135025	12.12434812	-1.783268482	1.783268482
262381_at	9.122536793	8.75403901	8.521590101	10.3248506	10.69452602	10.67101535	-1.764075357	1.764075357
259927_at	6.340956533	5.472530474	5.818941294	7.458754281	7.461462571	7.979984658	-1.755924403	1.755924403
246652_at	7.377156187	8.069983367	7.817143527	6.315719374	6.009628024	5.678409157	1.753508842	1.753508842
248652_at	7.723169687	7.585538473	7.153798965	5.306603234	6.133683861	5.828259335	1.731320231	1.731320231
261470_at	9.554465519	9.003742212	8.79286832	10.69055892	11.12770815	10.72496284	-1.730717953	1.730717953
257175_s_at	7.042059297	7.115629739	7.330127757	5.88275747	5.287075346	5.138024695	1.726653094	1.726653094
250003_at	2.299268954	2.25681989	2.703045108	4.171691071	3.716360079	4.484685199	-1.704534132	1.704534132
266800_at	9.793475331	10.17224971	9.889899099	11.52626365	11.75355003	11.58201449	-1.668734676	1.668734676
257831_at	8.9250204	9.340429637	9.308542388	11.21289003	10.39743913	10.95584293	-1.664059886	1.664059886
266887_at	9.900515457	10.47439873	9.959472232	12.08454293	11.35178456	11.82348244	-1.641807839	1.641807839
253386_at	9.494965299	10.22177279	9.724254915	11.39226543	11.07146265	11.82898882	-1.617241297	1.617241297
250435_at	7.071576771	6.304925625	7.025218702	8.84676488	8.09153904	8.30708118	-1.614554668	1.614554668
245044_at	11.85851599	12.56776748	11.92054929	14.07195336	13.21978091	13.86037503	-1.601758848	1.601758848
254129_at	3.483121578	3.049262016	3.399037339	1.631185297	2.022112709	1.502754421	1.591789502	1.591789502
254219_at	5.191783294	5.290039467	5.826672085	3.57873287	4.336877327	3.654020097	1.579621517	1.579621517
260607_at	5.131257739	5.554559751	5.202117475	3.693051847	3.991780386	3.490730821	1.570790637	1.570790637
266265_at	9.219548389	9.736148174	9.132730597	10.68402203	10.84332452	11.2694627	-1.569460698	1.569460698
248911_at	2.58298206	2.515417523	2.21869392	3.761680965	4.355330391	3.849495499	-1.54980445	1.54980445
263987_at	7.511610523	7.208886138	7.274682511	8.883335673	8.61420451	9.110713246	-1.537691419	1.537691419
250257_at	7.801035169	8.158252319	7.869017531	9.479191227	9.160969063	9.791845798	-1.534567023	1.534567023
245080_at	6.57393127	6.250205143	6.108032798	5.085529254	4.638336558	4.619770019	1.529511127	1.529511127
264347_at	6.847653044	7.236069851	6.661676991	5.85809309	5.235016369	5.13578937	1.505500352	1.505500352
247848_at	6.99186649	6.859697118	6.505110593	8.309052186	8.104087111	8.422441368	-1.492968821	1.492968821
257777_x_at	4.495821742	4.910886099	4.795885657	3.046335481	3.487256883	3.198313481	1.490229217	1.490229217
251226_at	10.05722644	10.62371592	10.13715281	9.01076096	8.558823756	8.793246433	1.485088007	1.485088007
266172_at	9.929346216	9.538739209	9.920634515	11.28085618	11.0236778	11.52817837	-1.481330806	1.481330806
262539_at	8.448985106	8.07550351	7.827576767	9.637820166	9.180967128	9.930386243	-1.465702718	1.465702718
247648_at	7.832695162	7.583448116	7.424855969	5.897105109	6.178172294	6.377613163	1.462702894	1.462702894
256297_at	1.397878425	1.847329184	1.269156408	-0.070814352	0.159645058	0.077699597	1.449277905	1.449277905
267141_at	7.826767773	7.739216055	8.149739402	6.611887561	6.496072915	6.26780123	1.446653841	1.446653841
267367_at	6.99531943	7.44209541	6.652404313	8.794673503	8.085704459	8.538263199	-1.442940669	1.442940669
266455_at	7.179564913	7.408202807	7.65714887	8.862035451	8.706068994	8.924927026	-1.416038294	1.416038294
259418_at	4.868386251	4.699591513	4.459099807	6.1849423	5.724524243	6.348382382	-1.410257118	1.410257118
250157_at	7.774386048	8.204514339	7.747737013	6.734912284	6.1064077	6.65456914	1.410249426	1.410249426
252197_at	4.967859044	5.075809593	5.554917459	3.52253383	3.894350062	3.983502912	1.399399764	1.399399764
246229_at	7.224842859	6.732608144	6.66241625	5.530073394	5.275367574	5.660416569	1.384669905	1.384669905
248828_at	9.946722152	9.937282665	9.367276916	11.41404995	10.69631167	11.26495967	-1.374679852	1.374679852
250189_at	6.577369467	6.425569827	6.594905677	8.02750685	7.667198392	8.019525804	-1.372128692	1.372128692
254510_at	6.33766138	6.33022372	5.93942652	4.84778003	4.960693088	4.693645478	1.368397674	1.368397674
250579_at	3.146832347	2.491068705	2.527916294	3.841722037	4.08213956	4.339560395	-1.365868215	1.365868215
265075_at	9.560425603	9.43951442	9.455403255	10.78315938	10.79241529	10.96155745	-1.360596283	1.360596283
267094_at	7.3401025	7.868927724	7.434552192	5.910569522	6.455815676	6.203269584	1.357975878	1.357975878
266191_at	6.054048579	6.453253122	6.443361274	4.864005888	5.108164942	4.926769477	1.350574222	1.350574222
256789_at	4.680660411	4.712968742	5.113355029	3.426072344	3.698207744	3.365242868	1.339153742	1.339153742
251517_at	7.115203066	7.655397607	7.214023679	6.167916868	6.18414365	5.62069534	1.337289498	1.337289498
249596_s_at	6.897553217	7.100491821	6.763498019	5.557291311	5.782479045	5.448956237	1.324272154	1.324272154
264495_at	5.628115919	6.074928395	6.187508127	4.809514928	4.514012548	4.610896107	1.318709619	1.318709619
266017_at	11.58626921	11.6528683	11.3569168	12.69676752	13.16617592	12.67195833	-1.312949149	1.312949149
251843_x_at	10.26166928	10.70938227	10.6099044	9.579443103	9.006779513	9.072496699	1.307412215	1.307412215
245866_s_at	9.672838062	9.299574447	9.308452996	10.77751851	10.71677612	10.64723475	-1.286887958	1.286887958
247781_at	7.076836005	6.561052012	6.875033637	5.66995835	5.670758306	5.314182293	1.286007568	1.286007568
251013_at	6.665271314	7.279777479	6.959087189	8.600701366	8.135195019	8.008736364	-1.280165589	1.280165589
256514_at	6.117650267	6.322670397	6.205569304	7.414355682	7.492173485	7.551219192	-1.270619464	1.270619464
254372_at	9.241503096	9.344136617	9.452375515	10.69084806	10.328053	10.82938243	-1.270089422	1.270089422
260227_at	9.061639055	8.757912593	9.167663994	10.31682606	10.17497627	10.27341746	-1.259334713	1.259334713
265182_at	7.624448488	7.486011421	7.715462094	8.986814744	8.626490791	8.989937649	-1.259107061	1.259107061
253667_at	12.20662913	11.9758943	11.67784537	10.77964307	10.8162954	10.4883851	1.258681743	1.258681743
251810_at	8.882714652	8.968297638	8.665538635	10.19414171	9.826175154	10.22955328	-1.244439741	1.244439741
257489_at	3.357698175	3.29730655	3.285735392	4.415823215	4.476467976	4.778169112	-1.243240062	1.243240062
259375_at	9.333152294	9.383877822	9.0008023	10.22702874	10.40153534	10.81423261	-1.24165476	1.24165476
251857_at	8.686179974	8.728723095	8.509999198	7.587214005	7.147038084	7.466490645	1.241386511	1.241386511
245174_at	6.741185391	7.106921327	6.415406563	5.318245678	5.829442998	5.392884694	1.24097997	1.24097997
251116_at	5.851712588	6.27238129	6.357342432	4.776084407	5.097563491	4.913392082	1.231465444	1.231465444
259996_at	9.708790263	10.2226734	9.943289493	11.26866339	10.82096758	11.44376381	-1.219547209	1.219547209
254233_at	9.60707649	9.308231357	9.510123267	8.421318452	8.451340257	7.906927825	1.215281526	1.215281526
246800_at	8.843101186	8.984406303	8.512402198	7.780240943	7.599009504	7.334595385	1.208687952	1.208687952
258218_at	9.656855186	10.15263692	9.667505158	8.610035061	8.756400824	8.484865434	1.208565315	1.208565315
248888_at	3.552175523	3.211235983	3.517417792	4.449621038	4.920857799	4.526297616	-1.205315719	1.205315719
265648_at	9.614080181	9.230691185	9.632019596	10.57608763	10.63924395	10.86216435	-1.200234986	1.200234986
252859_at	9.475282453	9.147821033	9.431885148	7.953936211	8.462296469	8.03893448	1.199940491	1.199940491
267307_at	7.745723957	7.546382748	7.469191116	6.536924432	6.151297548	6.473497494	1.199859449	1.199859449
252906_at	8.530865653	8.322221167	8.226468272	9.357586799	9.817568971	9.491938276	-1.195846318	1.195846318
267137_at	5.427229547	4.985403478	4.976429929	3.922988216	4.0705942	3.83239661	1.187694643	1.187694643
249169_at	6.136811315	6.193757335	6.438457051	5.161596262	5.152439696	4.8972377	1.185917348	1.185917348
259137_at	9.79923211	9.833642673	10.18305606	11.02335387	11.28755452	11.06055284	-1.185176795	1.185176795
248990_at	6.725144373	7.014010795	7.14043552	5.881445199	5.933318278	5.509339231	1.18516266	1.18516266
248282_at	6.142788208	5.662854188	5.644493235	7.302389412	6.822501683	6.869266433	-1.181340632	1.181340632
262830_at	5.027560772	4.529106469	5.127699401	6.217962935	6.204469295	5.804168277	-1.180744622	1.180744622
251575_at	8.514579886	8.842995755	8.529024075	7.357503034	7.523004863	7.465965769	1.180042017	1.180042017
248729_at	11.80528802	11.49798984	11.46949052	10.17195914	10.57944051	10.51202161	1.169782372	1.169782372
262838_at	10.6267075	10.80334466	10.23276331	9.322270104	9.18428079	9.650269667	1.16866497	1.16866497
259553_x_at	11.6016488	11.35706682	11.76343861	10.27948327	10.66746338	10.27428954	1.16697268	1.16697268
264563_s_at	6.528221455	6.863376217	6.721260094	5.461574547	5.74054773	5.433938947	1.158932181	1.158932181
266316_at	11.16101431	10.67414853	10.79711799	11.82259059	12.18904957	12.08805004	-1.155803126	1.155803126
258008_at	7.288714557	7.630606861	7.13871417	6.128600873	6.529188798	5.941958746	1.15276239	1.15276239
265051_at	7.505299475	7.018510393	7.250381683	8.650791209	8.166069449	8.409017967	-1.150562358	1.150562358
261143_at	11.1123905	11.01823009	10.78306601	11.84022157	12.2846725	12.22827197	-1.146493143	1.146493143
252538_at	5.533181961	5.340842521	5.674149714	4.64788017	4.175864873	4.288532097	1.145299019	1.145299019
261298_at	6.287765866	6.647780072	6.834654077	5.365787016	5.638736161	5.354764895	1.136970648	1.136970648
249797_at	8.016450209	8.018063433	7.683060659	6.944453705	6.661041113	6.726440425	1.128546353	1.128546353
253632_at	6.066766575	5.793135945	6.300366682	7.140179073	7.088870848	7.300987748	-1.123256156	1.123256156
262883_at	7.981699618	7.628232994	8.09431053	6.497227835	7.076025392	6.763369589	1.122540109	1.122540109
249932_at	5.372926396	5.338948742	5.147989447	6.68388659	6.172207703	6.352016447	-1.116082052	1.116082052
250095_at	8.717613248	8.376298824	8.537691836	9.626335686	9.482432932	9.86540141	-1.114188706	1.114188706
247059_at	10.41558211	10.38706819	10.09334589	9.063400966	9.473825079	9.016338507	1.11414388	1.11414388
264489_at	5.924392238	6.351072353	6.13311627	5.128612411	4.718658301	5.219616781	1.113897789	1.113897789
260382_at	5.79407786	5.697178141	5.608775624	4.727046384	4.593586209	4.438445628	1.113651134	1.113651134
252353_at	5.689570596	5.782393445	5.364138957	7.081800308	6.542588599	6.54529481	-1.111193573	1.111193573
265254_at	7.94906163	7.73454509	7.745689762	6.878516177	6.678948024	6.576969742	1.098287513	1.098287513
264404_at	7.372264768	7.45113899	7.049828973	5.957359684	6.348344801	6.281584143	1.095314701	1.095314701
264577_at	11.22146764	11.16621145	11.01769221	10.22416455	10.02399354	9.878891401	1.092773937	1.092773937
254064_at	6.04703777	5.710581167	6.040545772	4.813125302	5.05259053	4.670615497	1.087277793	1.087277793
247590_at	6.490464901	5.991662609	6.403398803	4.896570377	5.370978615	5.359292272	1.08622835	1.08622835
248413_at	7.206406385	7.441687304	7.504483947	6.044439705	6.527610875	6.34411986	1.078802399	1.078802399
258745_at	10.08742327	10.12826062	9.992573303	9.117422926	9.048279805	8.822100692	1.073484592	1.073484592
254893_at	6.307940245	6.496746306	6.83242839	5.702505206	5.313453798	5.401550215	1.073201907	1.073201907
253201_at	12.51964008	12.62859917	12.35064381	13.79818577	13.27862946	13.62914475	-1.06902564	1.06902564
264121_at	10.05276236	9.775206508	9.769064071	11.15378306	10.74491896	10.89124803	-1.064305703	1.064305703
249153_s_at	7.017161565	6.579473107	6.824221802	5.697669799	6.016283981	5.517810108	1.063030862	1.063030862
256302_at	9.470446231	9.433244277	8.974210126	8.439060585	8.246309602	8.023712239	1.056272736	1.056272736
259789_at	6.772063368	6.825213748	6.482409235	7.659673844	7.545354809	8.027543906	-1.050962069	1.050962069
264263_at	5.078524939	5.267566023	4.781262004	4.181581979	4.025316586	3.781054823	1.046466526	1.046466526
253693_at	8.945264798	9.165502272	9.170843906	10.35933531	9.851059417	10.20964514	-1.046142964	1.046142964
262934_s_at	7.147662327	7.436875655	7.495758717	6.41241054	6.388984779	6.140793392	1.046035996	1.046035996
248750_at	6.605958951	6.463862161	6.664852349	5.654783789	5.457079191	5.48747919	1.045110431	1.045110431
253363_at	6.9623407	7.312788967	7.179737713	6.382573376	5.86627654	6.082498549	1.041172971	1.041172971
259947_at	7.911724688	7.545837062	7.453375643	6.721279598	6.63159685	6.436713688	1.040449085	1.040449085
250076_at	9.926538084	10.26665895	10.40974091	11.35926146	11.36429616	10.99226095	-1.037626878	1.037626878
262961_at	9.041082964	9.236812843	9.240575301	7.881314606	8.180388155	8.353614777	1.034384524	1.034384524
255419_at	6.121548045	6.452908384	6.372384346	5.24989002	5.265647404	5.328822198	1.034160384	1.034160384
249719_at	10.72243544	10.34341989	10.51795223	11.63538986	11.71461752	11.33626867	-1.034156163	1.034156163
251174_at	9.410711053	9.350726106	9.60857766	8.176584967	8.622846315	8.468966034	1.033872501	1.033872501
252179_at	6.17645867	5.901435121	6.086963868	7.148223722	6.920305195	7.193758055	-1.032476438	1.032476438
249021_at	6.096314606	6.636280014	6.334925715	7.110830111	7.490616341	7.556751157	-1.030225758	1.030225758
251840_at	10.21793342	10.25589282	10.14245622	9.145133313	9.269124055	9.123239446	1.026261884	1.026261884
265474_at	8.415814372	8.326835252	8.681719251	7.580355674	7.379798411	7.400138671	1.021358706	1.021358706
246827_at	6.263459883	6.279879613	6.223415785	5.233543494	5.276496232	5.195120705	1.020531616	1.020531616
248085_at	8.404742358	8.372339744	8.701706198	7.580679801	7.589219619	7.248278442	1.020203479	1.020203479
260011_at	6.36116293	6.333156583	5.96785035	7.422446325	7.369053009	6.921105834	-1.016811769	1.016811769
248821_at	7.623947622	7.320585149	7.198659278	8.143459946	8.569194781	8.480332852	-1.01659851	1.01659851
248199_at	9.343528656	9.681192063	9.564820604	10.83398377	10.27234655	10.52726869	-1.014685895	1.014685895
248604_at	6.727960328	6.807129416	6.513897479	5.44399037	5.744376594	5.819995139	1.013541707	1.013541707
248252_at	10.29924978	10.48138801	10.45626763	9.269421875	9.34724969	9.593574947	1.008886302	1.008886302
249029_at	6.794289553	6.934227321	6.678688354	8.028140363	7.610762281	7.79385129	-1.008516235	1.008516235
251992_at	6.149886346	6.04866915	5.934365152	4.924122604	5.268973316	4.921791504	1.006011075	1.006011075
254347_at	7.333498385	7.124284132	7.070788571	6.376408659	6.225143746	5.923088094	1.001310196	1.001310196
252053_at	10.25348101	9.782230859	9.844764867	10.87792374	11.19549968	10.79443971	-0.995795466	0.995795466
254218_at	7.302235426	7.458787861	7.270564895	6.318017504	6.60052302	6.129423611	0.994541349	0.994541349
265545_at	7.026217649	6.817262907	7.051059417	5.933810639	6.211078762	5.774346738	0.991767945	0.991767945
258632_s_at	9.944288505	9.637178964	9.449810591	8.803633426	8.745092764	8.514570822	0.989327016	0.989327016
254044_at	10.37551406	10.69058445	10.30948189	9.701626493	9.191030069	9.542170865	0.98025099	0.98025099
266934_at	8.377764719	8.089208502	8.421322145	7.484264793	7.231924454	7.233194075	0.979637348	0.979637348
245792_at	9.617745839	9.719254645	9.847993035	8.642222295	8.866592907	8.74187448	0.978101279	0.978101279
252109_at	8.037528816	7.938538751	8.140660832	7.083486122	7.285963777	6.815652881	0.97720854	0.97720854
263047_at	9.273065749	9.035618698	9.420687153	8.486571391	8.168961184	8.148357285	0.97516058	0.97516058
258332_at	8.442791076	8.717606761	8.660839011	7.394187772	7.905359541	7.626149629	0.965179969	0.965179969
255417_at	10.22710323	10.12173843	10.22626421	9.285708644	9.332588041	9.070665262	0.962047971	0.962047971
258540_at	7.001040482	6.866442998	7.287260904	5.988946968	6.272617678	6.007067493	0.962037415	0.962037415
263629_at	6.686538786	6.585227144	6.638494956	5.52197641	5.826542258	5.676069224	0.961890998	0.961890998
247337_at	10.21026824	10.2732121	10.20063858	9.434295876	9.206738904	9.162719529	0.960121535	0.960121535
264452_at	7.060008102	7.070222228	7.399378267	5.9698068	6.443307272	6.241490841	0.958334561	0.958334561
266658_at	9.160792682	9.387814506	9.060358425	10.41908936	9.968056248	10.08697822	-0.955052737	0.955052737
251297_at	9.467401099	9.24892275	9.336978902	8.236839803	8.595147237	8.367064063	0.951417216	0.951417216
257407_at	9.188651562	8.897235774	8.993951396	9.773072286	10.13712246	10.02198037	-0.950778795	0.950778795
247755_at	12.72513264	12.51265029	12.4832453	11.54858167	11.85909396	11.46684888	0.948834575	0.948834575
256910_at	8.311846329	8.068841975	8.518433183	7.512162455	7.468969451	7.076786457	0.947067708	0.947067708
249522_at	8.856767733	8.926550599	8.571483996	7.933915991	7.718347849	7.864319273	0.946073072	0.946073072
260529_at	11.86135092	12.00284165	11.78322055	12.88640782	12.63968318	12.95920938	-0.945962421	0.945962421
266162_at	6.974979579	7.054454496	6.778012567	6.14632319	6.082521439	5.7411816	0.945806805	0.945806805
262208_at	6.942182058	6.794406566	7.0108813	5.823850775	6.166458609	5.922610252	0.944850096	0.944850096
255517_at	7.458094874	7.757081484	7.905971326	6.799954444	6.892562018	6.600134282	0.942832313	0.942832313
263576_at	7.220812839	7.02719118	7.072659902	6.216969496	6.334550965	5.940894508	0.94274965	0.94274965
264852_at	8.110844901	7.8258179	7.984271138	8.904987049	9.039358647	8.793869665	-0.939093807	0.939093807
256050_at	8.725396647	8.63125121	8.609076502	9.41734124	9.687610923	9.673173221	-0.937467009	0.937467009
247028_at	6.60632207	6.420340613	6.189226307	5.516381009	5.197924135	5.690672235	0.936970537	0.936970537
245113_at	9.13531816	9.433615333	9.088620836	8.225617845	8.261555703	8.36539879	0.934993997	0.934993997
254015_at	7.103103315	6.889536313	6.836595048	5.94606495	5.978272155	6.104143173	0.933584799	0.933584799
252667_at	9.597989329	9.237580191	9.232717808	8.443988231	8.537266617	8.288977929	0.93268485	0.93268485
260955_at	9.585905588	9.729452612	9.425636001	8.797574563	8.740557139	8.409809658	0.931017614	0.931017614
263437_at	10.36557128	10.49930226	10.13333804	9.450762732	9.474028581	9.28196628	0.930484664	0.930484664
258295_at	9.370544959	9.576940343	9.537715991	10.58152842	10.44705888	10.24722546	-0.930203823	0.930203823
250196_at	6.530037482	6.264383475	6.307169758	5.23616749	5.573236865	5.507016182	0.928390059	0.928390059
261089_at	8.269754723	8.053516726	8.066142009	9.118383063	8.97882051	9.075860235	-0.92788345	0.92788345
255873_at	8.528230175	8.941547169	8.886810957	8.125804533	7.814351952	7.63661961	0.926604069	0.926604069
263736_at	8.792005403	8.499274464	8.26868839	9.376653245	9.294110899	9.662130441	-0.924308776	0.924308776
250801_at	7.786142154	8.185707808	7.915618882	7.202621818	6.817544899	7.09461171	0.924230139	0.924230139
252123_at	10.89648279	11.14278877	10.8583024	9.949596408	10.16466764	10.01192567	0.923794747	0.923794747
247693_at	8.155912375	8.610208178	8.494255757	9.290501752	9.197538249	9.532362299	-0.920008663	0.920008663
253822_at	6.660679426	6.975240607	6.849405046	5.806178671	6.114111256	5.806069929	0.919655074	0.919655074
247461_at	6.463601335	6.472285693	6.486973714	5.72973136	5.460563759	5.475054254	0.919170456	0.919170456
246803_at	6.218473078	6.642351297	6.494036244	5.372682069	5.563582761	5.66230411	0.918763893	0.918763893
251584_at	8.233974543	8.369388695	8.119446139	7.349382137	7.352210454	7.276347077	0.914956569	0.914956569
246108_at	9.226839169	8.945180978	9.039499174	10.12053575	10.05660064	9.778081153	-0.914566072	0.914566072
264375_at	7.491931731	7.080582033	7.17198941	6.142515315	6.574878894	6.283785102	0.914441287	0.914441287
255950_at	7.23157088	6.966403996	6.971138116	6.213182065	6.247054514	5.969923643	0.912984257	0.912984257
264818_at	7.947279692	7.811932391	7.771687832	6.994129088	6.87733775	6.924596318	0.911612253	0.911612253
262287_at	8.940217137	9.233431794	9.027254939	10.1816369	9.734903799	10.01835824	-0.911331692	0.911331692
264482_at	8.12875095	7.980432474	8.152725951	8.910836214	8.930886689	9.146721167	-0.908844898	0.908844898
258394_at	9.47031727	9.252239279	9.381406736	10.14714604	10.26037721	10.41964684	-0.907735601	0.907735601
263255_at	7.836326407	7.745105332	7.703370924	6.715512613	6.860888307	6.989761669	0.906213358	0.906213358
254667_at	9.752294694	9.831719182	10.12993987	10.64489545	10.69041138	11.0949518	-0.905434963	0.905434963
253344_at	9.619822089	9.969493303	9.565953043	8.759934361	8.735443687	8.947015716	0.904291557	0.904291557
251507_at	7.367402144	7.267574887	7.073619743	8.075767212	8.255886667	8.089661251	-0.904239452	0.904239452
256510_at	7.305608667	7.368085492	7.643935855	6.418334129	6.723747339	6.463984796	0.903854583	0.903854583
253500_at	9.517141662	9.218682718	9.110139355	8.309963069	8.639222525	8.188151547	0.902875531	0.902875531
262792_at	4.315472451	4.7149974	4.415218001	3.81567843	3.344002863	3.578129463	0.902625698	0.902625698
261028_at	7.025436943	6.83158366	7.128444942	5.961515761	5.997275442	6.320441418	0.902077642	0.902077642
266495_at	10.94867846	10.62740869	10.8456488	10.10606396	9.64620022	9.963471981	0.901999928	0.901999928
255022_at	6.381981865	6.034991353	6.048146139	5.030618354	5.407377124	5.322993359	0.90137684	0.90137684
245514_at	7.046308741	6.965478533	7.199720943	7.777950358	7.948647537	8.187901481	-0.900997054	0.900997054
263194_at	7.593042899	7.356993009	7.309479638	6.400041124	6.38732315	6.774252491	0.899299594	0.899299594
249610_at	7.627014076	7.626915382	7.557921885	8.531235023	8.329826194	8.643268623	-0.897492832	0.897492832
248168_at	5.397999876	5.463496093	5.270283234	4.40627129	4.685557726	4.349503943	0.896815414	0.896815414
246913_at	8.392312674	8.43848999	8.167440715	7.504049471	7.601562164	7.208564292	0.894689151	0.894689151
245956_s_at	11.35751604	11.17765956	11.26551501	10.37007698	10.4404771	10.32302605	0.889036825	0.889036825
253406_at	7.516814549	7.357480603	7.342332579	6.681837994	6.578384152	6.292603602	0.887933994	0.887933994
262198_at	6.907930167	7.298518918	7.031318491	6.368539685	6.247053445	5.968311539	0.884620969	0.884620969
245387_at	10.39182736	10.22984559	10.23133099	9.487483651	9.529248049	9.185400899	0.88362378	0.88362378
253212_s_at	9.573756402	9.51105997	9.835868259	8.870122463	8.810391085	8.589574724	0.88353212	0.88353212
251928_at	12.47236912	12.71756998	12.58263868	11.49248288	11.9052635	11.7257944	0.883012332	0.883012332
254580_at	8.264088211	8.545023234	8.535454832	9.474068065	9.130197843	9.38313811	-0.880945913	0.880945913
252692_at	7.900445905	8.227509755	8.043312206	7.223378689	7.119709689	7.201037287	0.875714067	0.875714067
258080_at	9.511759029	9.84253366	9.656412173	8.956887729	8.887540176	8.542485686	0.87459709	0.87459709
253191_at	10.67283159	10.99767365	10.9104634	9.78101673	10.19388835	9.983810036	0.874084504	0.874084504
259287_at	7.820536113	7.700384992	8.055966172	7.125152962	6.92386751	6.906591608	0.873758399	0.873758399
256340_at	6.791626397	6.774757629	7.005482443	7.613496092	7.89395985	7.681114338	-0.872234604	0.872234604
254679_at	9.071769405	9.203447576	9.33969529	8.315075468	8.429851415	8.253814066	0.872057107	0.872057107
246303_at	7.400694764	7.257279175	7.392199166	8.057664625	8.24416222	8.351849545	-0.867834428	0.867834428
258122_at	8.571575156	8.715182837	8.879921347	7.701986862	7.875226932	7.986803657	0.867553963	0.867553963
250224_at	7.818546747	7.793634087	7.639451017	6.955823083	7.023491368	6.678846095	0.864490435	0.864490435
253049_at	9.891719758	10.0719736	10.05863594	11.00410858	10.67357821	10.9335617	-0.862973063	0.862973063
252781_at	7.155937871	6.752908817	7.107257475	6.278453247	6.179863627	5.986110448	0.857225613	0.857225613
263485_at	7.184036853	7.491497705	7.536474016	6.481855456	6.521892255	6.641788047	0.855490939	0.855490939
253419_at	6.339548375	6.077973893	6.558528391	5.24503344	5.526224891	5.638405169	0.855462386	0.855462386
262871_at	8.181361343	8.304776058	8.128217032	7.475360487	7.458226069	7.116198514	0.854856454	0.854856454
260803_at	10.05551193	9.710983437	9.640330261	8.775391663	9.162129315	8.908956702	0.853449317	0.853449317
265856_at	9.211637152	9.128377045	9.342787946	8.481382557	8.468062464	8.1804707	0.85096214	0.85096214
254391_at	6.270728689	6.336087145	6.451362879	5.674653038	5.412778968	5.42049751	0.850083065	0.850083065
250731_at	2.594050976	2.406083313	2.45627836	1.655171567	1.453071306	1.799404562	0.849588404	0.849588404
260403_at	9.317576305	9.211332983	9.499629836	8.443973523	8.727879207	8.310065917	0.848873492	0.848873492
261330_at	7.272670729	7.243792501	7.030956647	6.317705468	6.437413123	6.246036721	0.848754855	0.848754855
248306_at	7.549805814	7.752105258	7.64009605	6.942204906	6.66269708	6.794673153	0.847477328	0.847477328
246425_at	7.242847802	7.407827757	7.355612101	6.553874611	6.443973718	6.470481991	0.84598578	0.84598578
247210_at	12.9507031	13.06532941	13.03286378	12.33902972	12.18998709	11.98371582	0.845387886	0.845387886
264854_at	8.509386786	8.413162365	8.129537981	9.114028242	9.331757454	9.140412419	-0.844703661	0.844703661
246143_at	9.111114205	9.399478117	9.218574655	8.253192671	8.616288251	8.329971467	0.843238196	0.843238196
259966_at	8.392305016	8.672323051	8.472414678	7.829852288	7.665610506	7.517085618	0.841498111	0.841498111
258341_at	7.070257939	6.938611057	6.989084562	6.072434374	6.319748419	6.090936947	0.838277939	0.838277939
250504_at	5.792156753	5.711229223	5.615795586	4.963584105	4.697891636	4.955104952	0.83420029	0.83420029
254226_at	9.600737736	9.859840979	9.909849729	8.845164147	9.088680772	8.938474419	0.832703035	0.832703035
246099_at	12.55281371	12.65585517	12.88417109	13.50914576	13.40106604	13.68037953	-0.832583787	0.832583787
267096_at	8.405196884	8.309525251	8.067905034	7.494196055	7.511318309	7.279533606	0.8325264	0.8325264
261794_at	8.012845148	7.959360476	7.829717542	6.885835652	7.262210717	7.163099328	0.830259156	0.830259156
249788_at	6.101974809	6.07013442	6.174125002	5.256125411	5.422612454	5.179195658	0.829433569	0.829433569
252296_at	7.475004678	7.44888765	7.714518372	6.758773788	6.736308221	6.658559268	0.828256474	0.828256474
252626_at	5.223394977	5.540470344	5.318410634	5.945442087	6.349362991	6.271423366	-0.827984163	0.827984163
252652_at	7.841179687	7.878925958	7.654881389	8.511091485	8.480903918	8.860960283	-0.825989551	0.825989551
250906_at	8.269922942	7.907815929	8.278991584	8.975357848	8.873657303	9.08108243	-0.824455708	0.824455708
250601_at	6.665101966	6.470495489	6.483897304	5.910147164	5.644847614	5.592634181	0.823955266	0.823955266
259903_at	7.785513667	7.494853002	7.472044651	6.859041869	6.661991883	6.761253522	0.823374682	0.823374682
264260_at	11.24246754	11.26658677	11.20098144	10.38341826	10.52103511	10.33623237	0.823116666	0.823116666
257381_at	6.761609274	7.140437468	6.911077906	6.023549986	6.171019159	6.149517504	0.823012666	0.823012666
261572_at	10.86727745	10.65127275	10.94886868	11.63139	11.43462029	11.85327579	-0.817289068	0.817289068
248527_at	7.519620606	7.805197334	7.456602194	6.724536323	6.873988971	6.731571933	0.817107636	0.817107636
266583_at	11.96690481	12.2266446	12.20962139	12.93153541	12.90098666	13.0205425	-0.816631257	0.816631257
260427_at	10.93751398	11.0560153	11.07204053	11.97296209	11.65396467	11.88781365	-0.816390199	0.816390199
259793_at	6.82403386	6.51220597	6.476183672	5.85764176	5.678299985	5.833192188	0.814429856	0.814429856
257217_at	10.76363697	10.58515362	10.49655326	9.860690126	9.775402053	9.771444606	0.812602357	0.812602357
259680_at	9.43570352	9.314976096	9.706427666	8.634113797	8.906754113	8.478524677	0.812571565	0.812571565
247575_at	9.826484849	9.530790013	9.825645245	8.83625248	9.055249272	8.860374228	0.810348042	0.810348042
265029_at	8.776514405	8.58077503	8.626497923	7.750407177	7.97857514	7.823765542	0.810346499	0.810346499
253947_at	8.710723892	8.946458066	8.670949474	7.884254127	8.144901197	7.872156739	0.80893979	0.80893979
247745_at	9.104780039	9.017831829	8.740367673	9.969961243	9.598862181	9.720615487	-0.80881979	0.80881979
258691_at	9.231972144	9.446721084	9.351996167	8.548718258	8.630730906	8.431469877	0.806590118	0.806590118
261979_at	12.35237092	12.66429225	12.31120856	13.35604458	13.01616355	13.3719765	-0.805437638	0.805437638
257213_at	9.669348043	9.841905433	9.619947597	9.034628709	9.018455879	8.662906093	0.805070131	0.805070131
247192_at	11.17315813	11.071355	10.88582763	10.49198169	10.08194764	10.14125031	0.805053708	0.805053708
256073_at	7.500797006	7.545989285	7.640898636	6.807409278	6.803223342	6.66235508	0.804899076	0.804899076
246752_at	4.339392392	4.248971796	4.34985813	3.363118293	3.551304706	3.612873038	0.803642094	0.803642094
258945_at	7.542728384	7.422255197	7.411632312	6.562799585	6.643179474	6.760986145	0.803216896	0.803216896
266510_at	8.238982989	7.947828953	7.887098786	7.297710691	7.115811431	7.251949903	0.802812901	0.802812901
261500_at	9.744884686	9.898348941	9.921409677	9.044672858	9.169581687	8.944394665	0.801998031	0.801998031
245293_at	8.386499674	8.604852014	8.252816636	7.58413531	7.708702281	7.5499159	0.800471611	0.800471611
256706_at	7.869169953	7.856837825	7.983316114	7.081217036	7.144385732	7.086255717	0.799155136	0.799155136
264386_at	10.18970733	10.34059121	10.20307051	9.639324552	9.357323443	9.342382066	0.798112999	0.798112999
267293_at	12.32599096	12.00884616	11.94198679	12.75936156	12.96317004	12.93232114	-0.792676275	0.792676275
256216_at	10.45235624	10.36687054	10.42955729	9.613392303	9.604630918	9.654986945	0.791924632	0.791924632
253631_at	11.03808206	10.83996163	11.17263949	11.87399029	11.81845332	11.73240584	-0.791388756	0.791388756
261972_at	7.654895275	7.580938337	7.613589461	6.987223327	6.735261748	6.755496141	0.790480619	0.790480619
255599_at	6.684429832	6.91991199	6.597034325	7.462651894	7.476053436	7.633323858	-0.79021768	0.79021768
251983_at	7.779573149	7.898171738	7.985178805	7.045386665	7.174701522	7.072870351	0.789988385	0.789988385
262800_at	9.547869558	9.565582719	9.786878656	8.719827209	9.046846095	8.763793236	0.789954798	0.789954798
247039_at	7.717253439	7.43394476	7.405911748	6.875673536	6.508754512	6.807840443	0.788280485	0.788280485
254760_at	9.050201809	9.149161146	8.73516225	9.938762196	9.656813648	9.697977697	-0.786342779	0.786342779
265184_at	9.620299254	9.773467373	9.624366533	10.61495298	10.41573943	10.34438161	-0.785646953	0.785646953
248844_s_at	11.10248294	11.43456939	11.28625602	10.73026526	10.39175591	10.34438645	0.785633575	0.785633575
264012_at	6.688428909	6.796421623	6.478214664	7.418056123	7.368488627	7.531569963	-0.785016506	0.785016506
257724_at	7.213103813	7.450564554	7.312365079	6.503525693	6.458484977	6.664759638	0.783087712	0.783087712
260770_at	5.203045859	5.321960235	5.021502387	5.867746247	6.04473471	5.982008875	-0.78266045	0.78266045
247265_at	6.3433365	5.933640691	6.024098015	5.165318822	5.474397617	5.320014005	0.780448254	0.780448254
246555_at	7.379837776	7.259265296	7.163380036	6.592361269	6.488830492	6.381532069	0.779919759	0.779919759
251175_at	9.976247086	9.791118522	10.01617875	9.01074516	9.245985226	9.190735343	0.778692875	0.778692875
264008_at	10.28033923	9.909131448	10.08828881	10.87107969	10.96006792	10.78032022	-0.77790278	0.77790278
257148_at	11.83619411	11.88434309	11.73573008	11.22406069	10.94110013	10.96141867	0.776562594	0.776562594
264338_at	9.467723359	9.515150925	9.634952859	8.740561239	8.85133715	8.704918054	0.773670234	0.773670234
251638_at	9.337487531	9.352244631	9.587404958	8.669187529	8.610082671	8.681490274	0.772125549	0.772125549
259749_at	7.597949401	7.84203793	7.572069053	8.317315357	8.384061275	8.626996397	-0.772105548	0.772105548
266224_at	10.66147116	10.86103834	10.76585121	11.62497097	11.4727579	11.50579339	-0.771720518	0.771720518
248793_at	8.901103293	8.899525976	8.695818752	8.209347404	7.961907441	8.011424525	0.771256217	0.771256217
259174_at	6.644871563	7.039537272	6.950800361	5.952622929	6.2958984	6.073732874	0.770984998	0.770984998
262645_at	10.46204967	10.52726203	10.72167428	11.27434931	11.27882774	11.46417674	-0.76878927	0.76878927
264792_at	9.327542589	9.176537478	9.313755909	8.361336919	8.701811427	8.448501151	0.768728827	0.768728827
266845_at	8.875714799	8.912330786	8.968436128	8.159825614	8.18504199	8.118911718	0.76423413	0.76423413
260966_at	6.011677455	5.778738333	6.125894964	5.0231176	5.408397771	5.201666814	0.761042856	0.761042856
249212_at	7.26366496	7.073588332	7.361936805	6.44275784	6.695107573	6.29374052	0.755861388	0.755861388
245343_at	8.444959339	8.300744522	8.608666804	7.511925705	7.704919104	7.870358154	0.755722568	0.755722568
255224_at	8.777498924	8.86682145	8.622533955	8.176815824	7.929161189	7.896095608	0.754927236	0.754927236
257260_at	6.14566096	6.249835614	6.115936557	7.053558593	6.755881192	6.957254094	-0.751753583	0.751753583
259828_at	5.632388376	5.68742444	6.012191055	4.910168316	5.012959022	5.156722208	0.750718108	0.750718108
252911_at	6.167824931	5.960695455	5.861364552	5.132675569	5.492518599	5.113425821	0.75042165	0.75042165
264329_at	10.13013099	10.07768124	9.912080501	9.389857745	9.410844778	9.068286765	0.750301149	0.750301149
261105_at	12.4359602	12.45136324	12.21407198	11.83678969	11.50367661	11.51048993	0.750146396	0.750146396
256329_at	10.07353549	9.778354439	10.01947156	9.320297986	9.211147366	9.091159549	0.749585531	0.749585531
256578_at	9.331378604	8.955618939	9.245291954	9.867781302	9.76215876	10.14712503	-0.74825853	0.74825853
262584_at	9.367162213	9.052593812	9.098552465	8.477435914	8.550074094	8.248498881	0.7474332	0.7474332
259082_at	7.568364943	7.424108843	7.629829945	6.763078319	6.834427743	6.78363782	0.747053283	0.747053283
258570_at	8.555934586	8.425725611	8.246961627	7.777468028	7.439754783	7.771241791	0.746719074	0.746719074
248870_at	8.591404306	8.594375191	8.745640985	9.271296525	9.415827435	9.477273583	-0.744325687	0.744325687
257125_at	11.15479038	10.90469142	11.11404381	10.46824138	10.32037457	10.15334651	0.743854386	0.743854386
246902_at	7.082706777	6.874571968	7.033316909	6.329888682	6.180667915	6.249716298	0.74344092	0.74344092
265771_at	8.407476464	8.52356218	8.565109265	7.852883035	7.683314617	7.730332995	0.743205754	0.743205754
246802_at	6.671875605	6.538084722	6.421783676	5.914851151	5.773767651	5.715726972	0.742466076	0.742466076
259978_at	8.676908701	8.720370652	8.840040016	8.026067255	7.946694074	8.038039014	0.742173009	0.742173009
248900_at	6.035916307	6.153814963	6.37594328	5.540396207	5.528977366	5.272312805	0.741329391	0.741329391
258719_at	6.948847117	7.291477523	7.124003154	6.387982207	6.487313072	6.266213144	0.74093979	0.74093979
250145_at	8.053377459	8.129706717	7.870946799	7.208231548	7.351853816	7.275645131	0.739433494	0.739433494
252286_at	7.096743913	7.180825597	6.866856622	6.217750378	6.469473182	6.239786403	0.739138723	0.739138723
257459_at	7.887863186	7.64789973	8.031120357	8.563431001	8.452649922	8.750876795	-0.733358149	0.733358149
260404_at	6.33366848	6.175782478	6.426909319	5.500964155	5.519323181	5.716669908	0.733134344	0.733134344
251494_at	10.43289241	10.48035921	10.60149039	11.03701501	11.28844739	11.38436383	-0.731694737	0.731694737
265155_at	6.858407759	6.948278226	6.779670138	6.21099574	5.927475963	6.259715966	0.729389485	0.729389485
259343_s_at	11.35899133	11.67035986	11.4519522	10.91114877	10.63669074	10.74947184	0.727997347	0.727997347
254798_at	8.151038436	8.225692916	7.926152486	7.418590345	7.546336696	7.154094633	0.727954055	0.727954055
253662_at	8.136237147	8.106641395	8.358419086	7.39116529	7.580946203	7.447504146	0.72722733	0.72722733
267135_at	6.624415976	6.988701708	6.918389056	7.698977501	7.591754098	7.420781975	-0.726668945	0.726668945
267534_at	8.203242076	8.106942308	8.346164405	7.550349447	7.594251347	7.335599664	0.725382777	0.725382777
267537_at	8.584096005	8.542811692	8.371813377	9.300567198	9.233773729	9.131254326	-0.722291393	0.722291393
255504_at	9.77619048	9.919664732	9.903486755	10.51356575	10.60781657	10.64392213	-0.721987496	0.721987496
247939_at	8.023913248	7.710455864	7.909754272	7.004248464	7.171969464	7.304991826	0.72097121	0.72097121
248030_at	7.06495405	7.241700781	6.967570519	6.313932686	6.234539059	6.567419079	0.719444842	0.719444842
259190_at	9.297046588	9.030661889	9.040566329	8.505335839	8.457175844	8.250436769	0.718442118	0.718442118
258838_at	9.080934111	8.769583983	8.861577783	8.344051831	8.033277238	8.181828245	0.717646187	0.717646187
254726_at	10.72620477	10.87518761	10.75696675	10.00703349	10.25297813	9.945777444	0.717523352	0.717523352
258047_at	9.014987914	9.04665667	8.868975553	8.239204346	8.255613078	8.283491945	0.717436923	0.717436923
261999_at	8.769635501	9.10289268	8.878724946	8.332800756	8.11258313	8.158279541	0.715863233	0.715863233
255860_at	8.325343381	8.22715681	8.484653238	7.738224589	7.593175342	7.558337246	0.715805417	0.715805417
249830_at	8.018601651	8.214796279	8.097016162	7.384611874	7.264469312	7.538846306	0.7141622	0.7141622
264894_at	9.204717883	9.442298819	9.398339169	8.65468487	8.588911146	8.673546035	0.709404607	0.709404607
253766_at	11.13609055	11.36017421	11.21833938	10.54079844	10.48605928	10.56401281	0.707911206	0.707911206
249059_at	7.119121087	7.05334834	7.154452872	6.473340844	6.390355318	6.33983935	0.707795595	0.707795595
260397_at	11.01120967	10.72624583	11.01879371	11.72721565	11.41985252	11.73226511	-0.707694687	0.707694687
264562_at	6.819278899	7.011491703	6.94989709	6.300446003	6.349133762	6.008960409	0.707375839	0.707375839
253360_at	10.75861745	10.59772274	10.85946482	10.17138806	10.1055458	9.820851661	0.706006493	0.706006493
252150_at	9.92887331	9.712181462	9.696972674	9.099291259	9.212399702	8.915745175	0.703530437	0.703530437
258473_s_at	9.936078363	9.840800922	9.699117769	8.999253612	9.283211256	9.085732841	0.702599782	0.702599782
251685_at	6.854139653	7.002825208	7.202402602	6.225037094	6.430128488	6.303482572	0.70023977	0.70023977
246586_at	4.997013464	4.651187016	4.91032999	4.229993314	3.99136091	4.237465679	0.699903522	0.699903522
250335_at	9.725387882	9.501493176	9.686279465	10.12122132	10.49255659	10.39726375	-0.699293714	0.699293714
250752_at	10.78844466	10.57395809	10.54651523	11.29951305	11.31208031	11.391357	-0.698010793	0.698010793
264094_at	7.936984126	8.235461884	8.031318911	7.482453604	7.249232761	7.382985214	0.696364447	0.696364447
245697_at	8.063768616	8.058221462	7.88140879	7.330507501	7.30430286	7.281428278	0.695720077	0.695720077
246053_at	7.942550646	7.904910904	7.789996018	8.598803222	8.419950015	8.702596648	-0.694630773	0.694630773
250907_at	7.897790597	8.026698536	7.678766234	7.068606171	7.344780009	7.107536377	0.694110936	0.694110936
264834_at	9.048805952	9.008889416	9.094135136	9.646130815	9.697929784	9.886454724	-0.69289494	0.69289494
266826_at	6.769392599	6.65702219	6.983423998	7.629597986	7.355498071	7.502796486	-0.692684585	0.692684585
258242_at	6.442716371	6.187427043	6.388108748	5.763092097	5.55061272	5.627879544	0.6922226	0.6922226
259128_at	10.18777926	9.96132739	10.1828552	9.371580289	9.435041287	9.450768336	0.691523979	0.691523979
252113_at	9.363998402	9.090423555	9.312757305	8.483311905	8.625606564	8.583741992	0.691506267	0.691506267
262391_at	7.55013131	7.499666172	7.658048351	6.707625847	6.978173417	6.950226267	0.690606767	0.690606767
250658_at	6.798485983	6.617890106	6.453485576	6.032193998	5.756320066	6.009670263	0.690559113	0.690559113
245814_at	7.020505125	7.000570167	6.747945647	6.18983646	6.339529738	6.175458839	0.688065301	0.688065301
262943_at	8.656056841	8.339953361	8.691932304	7.813778314	8.033080508	7.77773307	0.687783538	0.687783538
263832_at	3.538490124	3.501355648	3.667749505	2.806527911	3.025850314	2.81253888	0.687559391	0.687559391
261232_at	10.09026214	9.968524702	10.12464787	9.417646242	9.244632172	9.463046241	0.686036684	0.686036684
259630_at	7.53010986	7.58861068	7.402693682	6.812313469	6.731472848	6.922942349	0.684895186	0.684895186
264118_at	8.016449533	7.742748866	8.022553818	7.207493784	7.379634244	7.141361745	0.684420815	0.684420815
261559_at	9.436671695	9.583761706	9.60716824	8.731957838	9.052078113	8.792097106	0.683822862	0.683822862
260540_at	7.926436319	7.762792203	7.695282058	7.05954375	7.244188546	7.029735013	0.68368109	0.68368109
249848_at	9.563652559	9.601744631	9.515955629	8.96059136	8.94688953	8.726476012	0.682465306	0.682465306
264335_s_at	11.00153583	10.82641735	10.94316241	10.15073529	10.37239743	10.20269647	0.681762134	0.681762134
267186_at	7.39209642	7.287343979	7.087782147	6.40792121	6.725529266	6.589728562	0.681347836	0.681347836
259248_at	9.51302397	9.649879532	9.7482031	9.104291921	8.945911872	8.829781856	0.677040318	0.677040318
245423_at	6.764702649	6.463684164	6.67989955	5.958948114	6.151319541	5.770555607	0.675821034	0.675821034
249773_at	9.64574225	9.616998288	9.388320252	8.822451724	8.971326997	8.831523272	0.675252932	0.675252932
265032_at	9.81241355	9.665076309	9.762615941	9.100693013	9.105667266	9.012932314	0.673604403	0.673604403
247203_at	7.514935528	7.338366938	7.561495872	6.773209504	6.850590632	6.771658595	0.673113202	0.673113202
258043_at	7.782226077	7.957148349	7.79073013	7.328640989	7.074655406	7.112609348	0.671399604	0.671399604
253172_at	10.00202748	10.14954926	9.963275672	9.399775642	9.505020454	9.198054101	0.670667403	0.670667403
247312_at	10.59080005	10.53955284	10.33169258	9.74704516	9.88425154	9.823272362	0.669158802	0.669158802
255236_at	8.019021603	8.087018878	8.11606365	7.54900695	7.402285326	7.263506923	0.669101644	0.669101644
252606_at	10.13499539	9.879208078	9.77558907	9.151744537	9.4184302	9.213578799	0.668679666	0.668679666
254691_at	10.00803633	9.971858192	10.10038092	10.6978032	10.67399143	10.71400196	-0.66850705	0.66850705
254079_at	8.414320366	8.432645603	8.528096176	7.733188891	7.779134675	7.85933728	0.667800434	0.667800434
259113_at	8.011564692	7.881885489	7.729456757	7.260796634	7.257919825	7.104065619	0.666708287	0.666708287
250059_at	10.92632501	11.22189397	11.00573801	10.26872058	10.30649009	10.57954018	0.666402049	0.666402049
248357_at	7.82651024	7.949616279	7.704305102	7.269345275	7.154483133	7.062273509	0.664776568	0.664776568
249148_at	9.863023832	9.903537589	9.85927119	10.52683277	10.48105889	10.6102492	-0.664102751	0.664102751
264044_at	9.752014653	9.814345531	9.704715644	9.22025237	9.005439167	9.05387176	0.66383751	0.66383751
261032_at	9.324576518	9.422706529	9.634721058	8.86475419	8.938854732	8.58757402	0.663607054	0.663607054
259571_at	7.234250852	7.477787487	7.390935813	6.816670967	6.604895813	6.693204838	0.662734178	0.662734178
262096_at	9.008606615	8.736473636	8.795677219	8.166582049	8.366046718	8.030020608	0.659369365	0.659369365
245772_at	8.813707545	8.513595457	8.524090406	7.877758875	7.845683656	8.150117053	0.659277941	0.659277941
263387_at	6.694777738	6.547512754	6.47995699	5.894211831	5.952755379	5.897824443	0.659151943	0.659151943
250393_at	6.890230741	6.820432082	6.704016549	6.185977606	5.979760471	6.274422043	0.658173084	0.658173084
249838_at	7.770739034	7.759602224	7.540501108	6.907484207	7.155966592	7.033593966	0.657932534	0.657932534
258410_at	11.20585661	11.33105121	11.28750904	10.49846345	10.77166451	10.59035496	0.654644647	0.654644647
266517_at	12.57484165	12.64492175	12.38554854	11.83766024	12.03467307	11.77211436	0.653621419	0.653621419
257978_at	7.429790225	7.114215146	7.302512304	6.780607154	6.497317406	6.609177983	0.653138377	0.653138377
249318_at	9.082325422	8.922514251	8.971256544	8.490485991	8.354085577	8.174096377	0.652476091	0.652476091
253825_at	10.24098308	10.51058868	10.47853069	11.1788042	10.86693006	11.13712874	-0.65092018	0.65092018
254817_at	7.575106196	7.594873004	7.508904227	7.068244986	6.868383229	6.796155338	0.648699958	0.648699958
256308_s_at	8.088509644	8.33015569	8.201286379	7.670264567	7.376136131	7.629003655	0.648182453	0.648182453
258381_at	9.718287799	9.78347151	9.579205452	8.944360264	9.186680866	9.014355611	0.64518934	0.64518934
247585_at	10.20338168	10.47761214	10.2300736	10.82443011	10.9270817	11.09186053	-0.644101639	0.644101639
248471_at	8.779628304	8.693281653	8.548573504	8.166287681	8.088386571	7.835081599	0.643909203	0.643909203
267017_at	6.59404807	6.343868744	6.614087588	5.886552929	5.935092788	5.799266194	0.643697497	0.643697497
259878_at	11.20684832	11.28416967	11.32573315	10.57680426	10.61705289	10.69556145	0.642444182	0.642444182
260039_at	7.366100919	7.162890468	7.161827306	6.566004375	6.529118698	6.668642816	0.642350935	0.642350935
248718_at	11.06221479	11.0813769	11.04045955	10.5068272	10.3813563	10.37060568	0.64175402	0.64175402
252207_at	9.374014745	9.147533732	9.376829769	8.592602416	8.862609601	8.521366497	0.640599911	0.640599911
248106_at	9.047859097	8.985558253	8.848772768	8.415948265	8.299386007	8.250191064	0.638888261	0.638888261
261713_at	11.20705758	11.18044476	11.30212534	10.53848801	10.75494599	10.48428207	0.637303866	0.637303866
247841_at	9.697317384	9.507168339	9.602268603	8.865353448	9.163234725	8.866709497	0.637152219	0.637152219
247861_at	5.812671427	5.558403903	5.626719638	4.958705811	5.048135606	5.07967092	0.63709421	0.63709421
257822_at	10.51644286	10.60895372	10.65233886	9.836856132	10.08334829	9.946860932	0.636890031	0.636890031
260238_at	9.122267212	9.137492443	9.192254569	9.663786323	9.767231193	9.923480937	-0.63416141	0.63416141
253531_at	8.417354973	8.169915748	8.510761888	7.754411693	7.573411765	7.867743221	0.63415531	0.63415531
263962_at	8.404448929	8.082810358	8.162865192	7.618557016	7.701412439	7.428154524	0.634000167	0.634000167
251068_at	7.915535238	7.847402974	8.017511314	8.584162178	8.470965912	8.626636098	-0.633771554	0.633771554
262766_at	8.113755254	8.101225939	8.311790318	7.593697577	7.591833849	7.440308747	0.63364378	0.63364378
260857_at	8.443311137	8.215776608	8.341020261	7.53394099	7.848026267	7.717494029	0.633548907	0.633548907
250848_at	7.723007687	7.4032827	7.429158645	6.976385514	6.927552504	6.751315113	0.633398633	0.633398633
261004_at	7.863832257	8.158573267	8.039041962	7.271346881	7.30158233	7.590279474	0.632746267	0.632746267
251182_at	10.26009635	10.37025883	10.03031073	9.729536781	9.598905656	9.436118208	0.632035087	0.632035087
252236_at	6.895757431	7.046030566	6.911880501	6.189042789	6.477246068	6.292837292	0.631514116	0.631514116
252414_at	8.673576723	8.55927762	8.559964861	9.065028337	9.337620274	9.282627639	-0.630819015	0.630819015
254350_at	6.478101635	6.753956461	6.665589774	5.990815644	6.112673494	5.911463802	0.627564977	0.627564977
254166_at	11.93859575	11.87690804	11.80971559	11.26324884	11.25813681	11.22244653	0.627129068	0.627129068
256251_at	10.00564437	9.884022141	9.923412738	9.279971216	9.459766771	9.19265949	0.626893925	0.626893925
254216_at	10.66641143	10.86081857	10.57505474	10.1346638	10.17841082	9.912661602	0.625516173	0.625516173
249307_s_at	8.482695437	8.241226334	8.488065442	7.613412931	7.850935622	7.874525971	0.624370896	0.624370896
257809_at	10.68392679	10.7231076	10.61679787	9.993347774	9.963900692	10.1969326	0.623217065	0.623217065
249078_at	10.01288603	10.12518476	9.830563573	10.66673071	10.53879507	10.63273711	-0.623209508	0.623209508
257198_at	9.65703861	9.846009732	9.821687486	9.054381746	9.243106973	9.158082876	0.623054744	0.623054744
262796_at	10.97408684	10.9479937	10.87366469	10.23117639	10.29505729	10.40613947	0.621124029	0.621124029
253649_at	8.112063528	8.064946434	8.158421428	7.511570237	7.444264212	7.518079681	0.620505753	0.620505753
247606_at	8.087778586	7.850841657	8.119696853	7.540512925	7.417334178	7.24219089	0.619426368	0.619426368
261225_at	10.1943779	10.14280074	10.3749346	10.9415591	10.90293986	10.72395121	-0.618778979	0.618778979
256337_at	10.77706138	10.88633782	10.59074535	11.49205565	11.31087653	11.30234162	-0.617043083	0.617043083
261080_at	9.213702128	9.429740856	9.373115339	8.747073241	8.720926096	8.698055931	0.616834352	0.616834352
255981_at	9.128523897	9.103683532	9.220053223	8.548316551	8.575142538	8.479184726	0.616538946	0.616538946
260037_at	11.49502716	11.48511745	11.23397079	12.01002818	11.90960319	12.14405689	-0.616524285	0.616524285
249237_at	11.62084889	11.37573752	11.28644221	11.89486462	12.16587138	12.07087251	-0.616193298	0.616193298
249437_at	7.730835171	8.004586311	7.922209539	7.324652418	7.132641832	7.35687917	0.614485867	0.614485867
250502_at	10.32342361	10.17436071	10.28895421	9.628911286	9.767268939	9.549870367	0.613562645	0.613562645
260786_s_at	9.541444767	9.46476908	9.544347948	8.861686474	8.8242013	9.024242086	0.613477311	0.613477311
258160_at	12.24374899	12.03441035	12.05904997	11.48643584	11.42182451	11.59043289	0.612838691	0.612838691
257560_at	8.079587768	8.12966306	7.947863108	7.463667144	7.445454844	7.40981872	0.612724409	0.612724409
262415_at	8.96492551	9.104905164	9.113114933	8.525115018	8.526235256	8.296324575	0.611756919	0.611756919
255878_at	8.519894182	8.558058165	8.451985608	7.968581518	7.768698574	7.959774091	0.610961257	0.610961257
266705_at	10.74804391	10.81364144	10.9389315	10.35874947	10.1381394	10.17117086	0.610852376	0.610852376
245932_at	7.5554024	7.789064504	7.713400135	7.189336978	7.160707351	6.878038457	0.609928084	0.609928084
246516_at	6.897273363	6.929401909	6.721689657	6.272753398	6.261579614	6.187106866	0.608975017	0.608975017
259755_at	7.98070343	7.999744868	8.07066759	7.474314002	7.427269096	7.324882014	0.608216926	0.608216926
262806_at	11.17224169	11.22097011	11.0369949	10.37219366	10.60826646	10.62648142	0.607755049	0.607755049
247046_at	8.219776712	7.99862634	7.978090074	7.567759055	7.464971069	7.341855968	0.607302345	0.607302345
261659_at	9.51476605	9.247460251	9.327795307	8.6748033	8.870662464	8.723560816	0.606998343	0.606998343
256070_at	8.97608248	9.013134613	9.123917693	8.461773692	8.37732215	8.455338673	0.606233424	0.606233424
260590_at	11.56503644	11.39235035	11.32501464	10.8488494	10.77571203	10.83934495	0.606165018	0.606165018
263429_at	8.58198729	8.858775817	8.665741023	8.258352207	8.104858958	7.934210857	0.603027369	0.603027369
253284_at	11.34892677	11.06587934	11.16098526	11.81996201	11.67096945	11.89248289	-0.602540996	0.602540996
265494_at	7.550263647	7.568220173	7.494099018	8.247389574	8.068925543	8.102626625	-0.602119634	0.602119634
264309_at	10.73725256	10.67817166	10.59599921	10.05254482	10.21875342	9.935737625	0.601462522	0.601462522
255410_at	6.660638106	6.608916801	6.895569608	6.137748194	6.005496255	6.217560766	0.601439767	0.601439767
250949_at	7.395961742	7.247805964	7.406287449	6.642277622	6.807966551	6.801699227	0.599370585	0.599370585
259568_at	7.610177708	7.654948492	7.634770576	7.121115843	6.977173273	7.008124142	0.597827839	0.597827839
256490_at	6.539609022	6.21116387	6.338145262	6.965596894	7.075829817	6.840654535	-0.597721031	0.597721031
258152_at	10.84839343	10.69992199	10.64835645	10.2338081	10.16965292	10.00275548	0.59681845	0.59681845
262504_at	10.73213958	10.8933703	10.62895003	10.21195124	10.26389728	9.988402583	0.596736267	0.596736267
252625_at	11.12493155	11.12832836	11.16067205	10.5093097	10.66183885	10.45425195	0.596177153	0.596177153
256576_at	9.951763449	9.849017018	9.759776963	10.27615682	10.5712473	10.49304273	-0.593296471	0.593296471
263961_at	6.872845195	6.842653491	6.744166515	6.178640597	6.164891455	6.341346035	0.591595704	0.591595704
263420_at	8.678618596	8.678291376	8.833865208	9.258582738	9.225419537	9.478064341	-0.590430479	0.590430479
252879_at	8.806131599	8.876270578	8.702876572	8.274652595	8.237512453	8.10184279	0.590423637	0.590423637
249960_at	8.366118223	8.52721039	8.430405618	7.736518989	7.974056722	7.848670097	0.588162808	0.588162808
259415_at	9.49594453	9.505981758	9.611851873	8.987286238	8.989767299	8.882833882	0.584630247	0.584630247
249189_at	6.406928759	6.618867764	6.356944797	5.769518484	5.908817696	5.954309723	0.583365139	0.583365139
259533_at	9.023210837	8.912518986	8.791497057	8.475613053	8.33202726	8.170520792	0.583021925	0.583021925
245818_at	7.627299873	7.521935689	7.555362029	6.983536838	6.858272061	7.113817111	0.582990527	0.582990527
251556_at	7.116669092	7.130549646	7.370669185	6.679457816	6.732700978	6.465553107	0.580058674	0.580058674
259863_at	8.882012248	8.987855301	9.19985568	8.349726099	8.603745907	8.380979202	0.578424007	0.578424007
246182_at	5.522293802	5.804829466	5.796568746	5.071290007	5.072788674	5.24937095	0.576747461	0.576747461
245850_at	5.630008149	5.560404457	5.454996673	5.061300846	4.927590403	4.931523849	0.574998061	0.574998061
251249_at	7.300988137	7.534211234	7.412997788	6.97967085	6.801722983	6.748115234	0.572896031	0.572896031
245644_at	7.395985752	7.660687738	7.599292214	6.90891956	7.132949795	6.898190091	0.571968753	0.571968753
246960_at	8.873405096	8.876486419	8.908879017	8.272441029	8.36595641	8.307335837	0.571012419	0.571012419
248067_at	8.113423693	7.879598108	7.916195236	7.328223582	7.533551392	7.336092371	0.570449898	0.570449898
257797_at	7.976460414	8.041653598	8.17206501	7.589892824	7.477448093	7.414242017	0.56953203	0.56953203
251449_at	12.96523117	12.78345642	12.79748406	12.27042985	12.26812817	12.30371866	0.567964989	0.567964989
255568_at	9.284272287	9.135568111	9.051031145	9.616216067	9.907196979	9.650425679	-0.567655727	0.567655727
259626_at	10.31030383	10.16806216	10.12009581	10.76545614	10.80824686	10.72340901	-0.566216738	0.566216738
247893_at	7.820516466	7.891107478	7.623009875	7.390104198	7.09069584	7.156136746	0.565899011	0.565899011
260780_at	10.43884599	10.20884033	10.23425321	9.860463604	9.661875271	9.669118916	0.563493912	0.563493912
248382_at	9.921092522	10.00825925	9.916471562	9.391496194	9.270008609	9.495578913	0.562913207	0.562913207
260729_at	8.247861264	8.34717264	8.376226116	7.877796582	7.769908022	7.63661049	0.562314976	0.562314976
255725_at	8.337387285	8.085134104	8.341980871	7.789184996	7.612065193	7.683667311	0.559861587	0.559861587
251316_s_at	9.521071807	9.585736534	9.431474181	9.024720156	8.990918296	8.843107429	0.559845547	0.559845547
266818_at	8.297139267	8.250032172	8.474296985	7.72681207	7.942715083	7.672639819	0.55976715	0.55976715
265717_at	10.97542835	11.02495083	10.79758927	10.2507861	10.3945975	10.47981016	0.557591566	0.557591566
248608_at	10.68223648	10.65417273	10.72327371	10.15308589	10.21198643	10.02688007	0.555910178	0.555910178
264903_at	11.1189	11.18845385	11.08406058	10.65552282	10.5892803	10.47992053	0.555563597	0.555563597
249538_at	9.630713374	9.483748619	9.479383755	9.044339995	9.036025875	8.848593826	0.554962017	0.554962017
262797_at	10.34361441	10.35477434	10.20620001	9.786939196	9.816728822	9.643292922	0.552542606	0.552542606
251942_at	11.16660018	10.94574483	11.12501456	10.4106734	10.66921158	10.50187552	0.551866357	0.551866357
258074_at	6.848328027	6.774948695	6.862982906	7.354313612	7.380673411	7.395790838	-0.548172744	0.548172744
250188_at	9.682589467	9.546107141	9.607014847	9.15768844	8.908349456	9.126789653	0.547627969	0.547627969
255010_at	9.704808252	9.659945049	9.447546853	9.081355213	9.151251674	8.93949512	0.546732715	0.546732715
256437_s_at	12.04630213	11.99651424	11.98470258	11.43253426	11.54506302	11.41540211	0.544839853	0.544839853
248865_at	8.832914473	8.549513511	8.671184802	8.028410095	8.287318273	8.103400656	0.544827921	0.544827921
266614_at	11.45063574	11.54915169	11.65913898	12.1139897	11.95212916	12.22338698	-0.543526479	0.543526479
254536_at	6.369850492	6.229814144	6.223479944	5.739686451	5.845692971	5.610632992	0.542377389	0.542377389
246059_at	9.015371002	8.838863545	8.781268216	8.399658825	8.355221703	8.257690842	0.540977131	0.540977131
261639_at	11.02823638	11.16104253	11.22734508	10.57549146	10.60933545	10.61339157	0.539468505	0.539468505
266641_at	10.17876411	10.24359672	10.28604148	9.792235812	9.732436012	9.565577537	0.539384316	0.539384316
255555_at	8.771905665	8.768222671	8.650272402	8.264080183	8.260376648	8.049309603	0.538878102	0.538878102
248375_at	7.483133857	7.506239616	7.625204133	6.885561227	7.120674179	6.992729187	0.538537671	0.538537671
260605_at	8.763019544	8.932235567	8.799411009	8.428952992	8.262682792	8.188788713	0.538080541	0.538080541
258501_at	9.829869737	10.03466528	10.0862261	10.44633396	10.59551684	10.52092165	-0.537337112	0.537337112
247586_at	10.26135705	10.42594107	10.30022155	9.847280571	9.690741177	9.837519782	0.537326045	0.537326045
259737_at	6.361111317	6.332305738	6.226362087	6.879578662	6.892433159	6.750709088	-0.534313922	0.534313922
263165_at	8.127498151	7.929417901	8.008141848	7.573293993	7.414808541	7.475148701	0.533935555	0.533935555
259519_at	10.05947323	9.8856148	9.994857851	9.398000349	9.554331573	9.387100063	0.533504633	0.533504633
267454_at	9.789048925	9.545437879	9.689439051	9.012132076	9.278251615	9.133634529	0.533302545	0.533302545
265222_at	9.224128932	9.150358606	9.324901425	8.630890319	8.837770467	8.633089106	0.532546357	0.532546357
265271_at	7.719686857	7.942601808	7.962031576	7.308712269	7.286465233	7.433576132	0.531855536	0.531855536
262487_at	8.332989942	8.186318222	8.321363183	7.772378766	7.800896345	7.673605153	0.531263694	0.531263694
264867_at	6.596261353	6.400446488	6.462349983	7.047117813	7.089058555	6.915614571	-0.530911039	0.530911039
266290_at	11.52049324	11.40418628	11.57058351	11.07544516	10.98274181	10.84614932	0.53030891	0.53030891
257146_at	9.114019563	9.209622449	9.339166665	8.701565127	8.759263472	8.611153272	0.530275602	0.530275602
264382_at	10.52606791	10.67348466	10.40059626	10.08078382	9.934713809	9.997247318	0.529134627	0.529134627
261810_at	7.94324025	8.085687423	8.085436467	7.407386798	7.672836264	7.450961507	0.527726524	0.527726524
248021_at	10.0213133	9.918669002	10.0622134	9.409188594	9.568195722	9.441859493	0.527650628	0.527650628
258533_at	8.414307585	8.332670439	8.284886929	7.731420778	7.864702872	7.853924003	0.527272434	0.527272434
266749_at	9.584285131	9.619123596	9.514027654	10.14425759	10.0487135	10.10455343	-0.526696045	0.526696045
250418_at	7.937547354	7.736042489	7.894463332	7.202306963	7.417033132	7.370519309	0.52606459	0.52606459
253261_at	7.677459706	7.508970164	7.785485467	7.153379362	7.211034763	7.030549182	0.525650677	0.525650677
248088_at	10.6866166	10.60816619	10.73807919	10.23697704	10.17485555	10.04553388	0.525165172	0.525165172
252973_s_at	12.69544253	12.57052103	12.58787597	12.17412513	12.02710224	12.0816522	0.523653317	0.523653317
253202_at	9.698193179	9.61152512	9.716667157	9.249783523	9.01135354	9.194599017	0.523549792	0.523549792
250206_at	11.84300493	11.76084335	11.69265673	11.21626658	11.30793522	11.20385246	0.522816919	0.522816919
264776_at	7.96903058	8.133161259	8.135052886	7.627112742	7.525838626	7.516651747	0.522547203	0.522547203
256420_at	5.708195654	5.747269539	5.68403196	5.272594105	5.240374546	5.068601364	0.519309045	0.519309045
253695_at	9.721828207	9.657373479	9.762345169	9.260858751	9.240279814	9.083947211	0.51882036	0.51882036
252637_at	7.498875215	7.399895554	7.517526309	6.869306026	6.938692424	7.052898853	0.518466592	0.518466592
246852_at	10.26458649	10.48381589	10.38116052	10.97302198	10.75298178	10.95798153	-0.518140794	0.518140794
254943_at	8.351122172	8.345707782	8.209582219	7.793634507	7.883478373	7.677615622	0.51722789	0.51722789
251150_at	9.26313071	9.345974973	9.251351278	8.880960548	8.738307479	8.689636604	0.51718411	0.51718411
247993_at	8.746837634	8.974372408	8.819407857	8.394106148	8.377594923	8.218883866	0.516677654	0.516677654
266541_at	9.497861951	9.395130249	9.377117568	8.974296773	8.965561655	8.781853242	0.516132699	0.516132699
256927_at	7.719597196	7.887153228	7.718119193	7.119805858	7.250829217	7.407322843	0.515637233	0.515637233
260790_at	6.980191543	7.158341165	7.005560826	7.651321278	7.439012635	7.597712813	-0.514651064	0.514651064
256747_at	10.12434095	10.12159592	9.947582575	9.5229568	9.424218558	9.705657876	0.51356207	0.51356207
259771_at	11.64093079	11.72963259	11.5637886	11.08525865	11.22820777	11.08123468	0.513216962	0.513216962
258311_at	8.573503179	8.298999128	8.380332741	7.821624297	8.035184873	7.857358686	0.512889064	0.512889064
260738_at	7.895638483	7.73133112	7.713292006	7.337177134	7.251306677	7.213261061	0.512838912	0.512838912
263185_at	8.801958754	8.807310347	9.012418062	8.343144956	8.290889008	8.449414387	0.51274627	0.51274627
260282_at	8.40645507	8.24615098	8.499045192	7.943842702	7.859630782	7.817971222	0.510068845	0.510068845
252427_at	8.368959658	8.413535762	8.24529699	8.852404473	8.950511823	8.753571143	-0.50956501	0.50956501
266915_at	5.791806768	5.798247135	6.013775065	5.422371943	5.214696913	5.440717437	0.508680891	0.508680891
246031_at	8.983193607	8.756055804	8.928374623	8.395470538	8.513312087	8.234203762	0.508212549	0.508212549
263456_at	10.77592428	10.577152	10.83153333	10.09763411	10.19769173	10.36554075	0.507914341	0.507914341
246762_at	6.929918511	7.156679776	7.066767909	6.446402484	6.65300442	6.533389768	0.506856508	0.506856508
246134_at	8.02741431	7.959080909	7.885674084	7.397212373	7.576612343	7.378849142	0.506498481	0.506498481
249020_at	7.33152559	7.302504813	7.217651646	6.687466653	6.730677083	6.91730758	0.505410244	0.505410244
253492_at	9.323038515	9.152705598	9.24670007	8.731647105	8.751306185	8.723853559	0.505212445	0.505212445
253334_at	10.8890204	11.05972303	11.09017026	10.55733937	10.57676575	10.3895646	0.505081321	0.505081321
246923_at	9.804558574	9.695194872	9.697881274	9.171225197	9.245021934	9.268168864	0.504406241	0.504406241
255147_at	10.1525722	10.08635795	10.26381209	9.734597934	9.587898538	9.667993097	0.504084223	0.504084223
245715_s_at	13.32357991	13.11458845	13.15186126	12.83145943	12.61777258	12.62899874	0.503932957	0.503932957
252923_at	8.751353616	8.69132276	8.524555237	8.014232033	8.238430055	8.203125564	0.503814654	0.503814654
250700_at	7.546974021	7.741933166	7.518893659	7.08426558	7.211145517	7.003895652	0.502831365	0.502831365
264655_at	13.49780054	13.54858138	13.45393891	14.00842968	13.94219305	14.05459994	-0.501633945	0.501633945
264022_at	7.944885543	7.889087957	8.094717148	8.446735547	8.424376623	8.56211389	-0.501511804	0.501511804
250461_at	8.838196008	9.000332911	8.905137703	8.476735742	8.311374166	8.452047959	0.501169585	0.501169585
266240_at	6.867432097	6.98431389	6.940439839	6.440062239	6.443511603	6.405672784	0.500979733	0.500979733
246263_at	9.774237517	9.974604202	9.853809477	9.232965673	9.442540868	9.425548085	0.50053219	0.50053219
264480_at	5.946271322	5.764215909	5.872810087	5.413586018	5.387230377	5.282915521	0.499855134	0.499855134
257444_at	7.862234811	7.754143446	7.621378177	7.250579159	7.372640376	7.128859111	0.495225929	0.495225929
261465_at	7.585572459	7.332844156	7.557125972	6.879178383	7.026491752	7.084455832	0.495138873	0.495138873
253972_at	9.383914776	9.237967851	9.35246017	9.747789642	9.769241552	9.941316048	-0.494668148	0.494668148
255663_at	7.54229772	7.493536889	7.684671624	7.156284031	7.138542911	6.941813692	0.494621866	0.494621866
248564_at	8.417310368	8.264005552	8.363837114	8.969313457	8.776777657	8.782356585	-0.494431555	0.494431555
254235_at	7.698876606	7.463596969	7.521571568	7.123587949	7.16354724	6.915205359	0.493901531	0.493901531
255171_at	8.199764097	8.023401385	8.088877434	7.476222106	7.743026163	7.611241222	0.493851142	0.493851142
254080_at	11.1644346	10.96317786	10.93355893	10.54214206	10.60514208	10.43520899	0.492892755	0.492892755
250449_at	9.942535043	10.0514988	9.924032797	9.550368287	9.41334126	9.483528288	0.49027627	0.49027627
266045_s_at	7.97956023	7.813773573	7.889961081	7.371287308	7.378125694	7.471895784	0.487328699	0.487328699
247257_at	8.983471849	8.981068155	8.868672026	8.4972024	8.519957344	8.354577586	0.487158233	0.487158233
265259_at	8.892470343	8.755526245	8.929071148	8.266421932	8.46776075	8.382391141	0.486831304	0.486831304
256065_at	9.995727348	10.15993172	10.18194081	9.702837189	9.665241842	9.509275148	0.486748566	0.486748566
245971_at	9.455966184	9.321038124	9.566424558	9.054284045	8.871648307	8.961213858	0.485427552	0.485427552
252680_at	9.254825192	9.500976292	9.406609447	8.960811246	8.951713516	8.793937499	0.485316223	0.485316223
257867_at	10.38393107	10.38901235	10.2984139	9.996400712	9.782659482	9.836393574	0.485301185	0.485301185
259570_at	14.10328211	13.89831672	13.94647839	13.38152939	13.60123117	13.51205923	0.484419145	0.484419145
262130_at	10.03623413	10.04093788	10.12011357	9.56965913	9.670645822	9.507981664	0.482999653	0.482999653
264624_at	12.3034887	12.35603935	12.44709811	12.84907546	12.91495074	12.79133438	-0.482911474	0.482911474
259908_at	8.709777563	8.63070179	8.86319715	8.317466579	8.295246416	8.144950307	0.4820044	0.4820044
260254_at	10.41340654	10.41641909	10.25734983	9.85739987	9.929203028	9.856116168	0.481485465	0.481485465
251923_at	8.88360789	8.987551984	8.776920853	8.483639405	8.459243668	8.261390203	0.48126915	0.48126915
262438_at	7.28334928	7.458767743	7.262613997	6.91638579	6.803934515	6.842416403	0.48066477	0.48066477
258393_at	10.5914813	10.76234718	10.71204733	11.10066888	11.14713362	11.25875219	-0.480226293	0.480226293
245175_at	11.94022642	11.92823771	11.87598354	11.38939102	11.50651394	11.41230295	0.478746586	0.478746586
252821_at	9.650435624	9.698852408	9.614360266	9.144273757	9.273426989	9.110973559	0.478324664	0.478324664
252622_at	10.90729482	11.0932069	10.96842735	10.62855463	10.45691711	10.45026863	0.47772957	0.47772957
263226_at	8.595935589	8.600167202	8.542204607	8.028690238	8.14625974	8.13452322	0.476278066	0.476278066
258050_at	8.311604629	8.233965828	8.299424891	7.814460585	7.852733569	7.750650809	0.475716795	0.475716795
261608_at	6.268870307	6.058707447	6.177808923	6.661823222	6.57148714	6.69762945	-0.475184379	0.475184379
260538_at	12.73141629	12.70393868	12.90553563	13.32478875	13.31839372	13.12040259	-0.474231486	0.474231486
246935_at	10.07958223	10.08904254	9.962517031	10.59374032	10.43625482	10.51928886	-0.472714067	0.472714067
266118_at	12.54868878	12.43673565	12.43789763	11.94969048	12.08762381	11.96939836	0.472203133	0.472203133
254873_at	10.99679463	10.78733294	10.86623979	10.35664093	10.44498739	10.43388008	0.471619656	0.471619656
264102_at	8.837940824	8.983982276	9.060753187	8.536274756	8.553626401	8.380525346	0.470749928	0.470749928
253589_at	5.41958705	5.474202749	5.459277888	5.894725769	6.025822534	5.842549401	-0.470010006	0.470010006
261011_at	8.339852071	8.257853982	8.353715032	7.906733454	7.823785745	7.811209373	0.469897504	0.469897504
267446_s_at	9.339077283	9.160464149	9.285854859	8.924510344	8.769119804	8.684047092	0.469239684	0.469239684
266873_at	6.997160083	6.757350167	6.830915095	6.501591828	6.415491932	6.261262732	0.469026284	0.469026284
262837_at	10.51328829	10.47425432	10.45636337	10.01759617	10.01928183	10.00242197	0.468202001	0.468202001
264908_at	10.61043411	10.56238158	10.73821596	10.14405569	10.2562514	10.10628408	0.468146826	0.468146826
250016_at	9.397852961	9.513467919	9.417738867	9.812652624	9.88679867	10.03277752	-0.467723024	0.467723024
246976_s_at	9.179297301	9.070994924	9.010457533	8.600211555	8.674561868	8.587083409	0.466297642	0.466297642
264704_at	7.617985027	7.603723295	7.457049777	7.961608367	7.986253972	8.128427154	-0.465843798	0.465843798
256294_at	10.42064917	10.44757428	10.62507039	9.975772538	10.1803299	9.94056247	0.465542976	0.465542976
263205_at	8.926037539	8.776649387	8.683144208	8.357403642	8.435754576	8.196729038	0.465314626	0.465314626
259604_at	11.80832132	11.80828504	11.61905013	11.35345364	11.28094499	11.20556391	0.465231318	0.465231318
258783_at	9.136681508	8.948304812	9.039373738	8.437884268	8.645239942	8.651884588	0.463117087	0.463117087
251379_at	7.386856261	7.23047588	7.286181999	6.846961027	6.769859219	6.901489789	0.461734702	0.461734702
255473_at	10.97970765	11.12834115	10.87016816	10.55266602	10.60278258	10.43889934	0.461289675	0.461289675
250313_at	10.40780089	10.52486397	10.46575248	10.01252106	10.11404154	9.890186069	0.460556221	0.460556221
250724_at	7.188531731	7.079307906	7.153285071	6.747729836	6.705546579	6.5871154	0.460244297	0.460244297
262829_at	6.337544007	6.110175827	6.177949723	5.767588124	5.803928748	5.674233061	0.459973208	0.459973208
259341_at	8.591460699	8.540578046	8.595185546	8.086465716	8.190154703	8.073255142	0.459116243	0.459116243
257912_at	8.43132207	8.4314002	8.385794899	7.944658808	8.004300892	7.923167855	0.458796538	0.458796538
250880_at	6.731828526	6.712765726	6.597090908	6.175971266	6.337644358	6.153945768	0.458041256	0.458041256
263696_at	8.463321578	8.352040652	8.240098737	7.841645005	7.957543915	7.886374484	0.456632521	0.456632521
264805_at	8.392058633	8.217552051	8.212852893	7.673604206	7.889345592	7.891775429	0.455912783	0.455912783
252861_at	9.076662511	9.211796196	9.319373414	8.838338367	8.761990517	8.64026511	0.455746042	0.455746042
261970_at	11.58731247	11.75490124	11.67883494	12.21339401	12.02213994	12.15023319	-0.454906163	0.454906163
250111_at	9.553355713	9.408274085	9.394855055	9.922312402	9.771385741	10.02133073	-0.452848007	0.452848007
265023_at	10.04440133	10.23584127	10.22310079	9.758658037	9.785161095	9.607716168	0.450602699	0.450602699
248883_at	8.756841316	8.729803088	8.576294781	8.304875721	8.302257658	8.105981589	0.449941406	0.449941406
261933_at	11.58285061	11.55900633	11.470684	11.10916284	11.08238205	11.07695882	0.448012411	0.448012411
247929_at	10.75740074	10.59447732	10.63432372	10.19062328	10.29244392	10.16566966	0.445821639	0.445821639
246319_at	10.22280036	10.03306778	10.18359932	10.53228079	10.55955802	10.68481058	-0.445727311	0.445727311
253755_at	11.25650244	11.23896866	11.11646345	10.72113507	10.88666722	10.67239211	0.443913382	0.443913382
256797_at	10.21652731	10.08137247	9.989725356	9.743497722	9.686798584	9.525799069	0.443843256	0.443843256
256605_at	8.351864425	8.398437593	8.543165793	7.905016401	8.102501957	7.959469685	0.442159923	0.442159923
246799_at	8.071783222	8.061312171	8.217318515	7.741920432	7.671326745	7.615443537	0.440574398	0.440574398
265671_at	12.29319624	12.24397844	12.3413394	11.85331579	11.87980392	11.82501614	0.440126074	0.440126074
253793_at	6.242707177	6.279190994	6.185311294	5.741915462	5.781475523	5.864823948	0.439664844	0.439664844
251392_at	9.213774304	9.32351743	9.29929721	8.960440716	8.780179529	8.778532452	0.439145416	0.439145416
253899_at	8.834994617	8.924212189	8.95039235	8.501255109	8.54434031	8.357490946	0.435504263	0.435504263
256451_s_at	9.276811215	9.355783227	9.308318474	8.900137666	8.829159526	8.909128661	0.434162355	0.434162355
265286_at	11.60469066	11.56485248	11.52454746	11.16054501	11.10700056	11.12631982	0.433408407	0.433408407
260580_at	9.141422041	8.98096764	9.100829372	8.698221425	8.694616603	8.530358367	0.433340886	0.433340886
261557_at	8.005115501	7.885589448	7.934588749	7.522144653	7.600460966	7.411657491	0.43034353	0.43034353
248198_at	7.593226184	7.603523985	7.749591297	7.160203373	7.287814058	7.210620649	0.429234462	0.429234462
251831_at	9.50677311	9.318837764	9.417773594	9.08581642	8.959615799	8.912898492	0.428351252	0.428351252
266704_at	9.195740337	9.27170524	9.342899052	9.764381857	9.567362194	9.761149124	-0.427516182	0.427516182
247986_at	6.287091245	6.154191363	6.309317506	5.724648604	5.791245878	5.954473288	0.426744115	0.426744115
256021_at	12.00896551	11.79328823	11.84495696	11.44617599	11.54490159	11.38132092	0.424937404	0.424937404
265423_at	8.704900725	8.660345023	8.586207073	8.154281736	8.232629681	8.291741777	0.424266542	0.424266542
266266_at	9.768466208	9.739316461	9.804231754	9.350700474	9.255660618	9.437520359	0.422710991	0.422710991
264097_s_at	12.12139987	11.9810001	12.00533602	11.70282496	11.57919444	11.56178984	0.421308919	0.421308919
262614_at	9.428532269	9.212170011	9.300955263	8.888828566	8.963438245	8.82709907	0.420763888	0.420763888
261328_at	8.40991146	8.588408153	8.577591167	8.22871306	8.082439522	8.004580324	0.420059291	0.420059291
248222_at	8.900494248	8.808155293	8.90925822	9.182496063	9.341486799	9.353759613	-0.419944905	0.419944905
246444_at	7.351265032	7.242066295	7.202675988	6.919710897	6.717125542	6.900713315	0.419485854	0.419485854
261880_at	8.760582652	8.677644001	8.838351127	8.284049111	8.300210425	8.436818874	0.41849979	0.41849979
253306_at	8.989877154	8.894443262	8.979891068	8.527192202	8.49698772	8.588437262	0.4171981	0.4171981
253561_at	11.25311108	11.27036096	11.3342004	10.91794624	10.86667241	10.82828739	0.414922135	0.414922135
248628_at	8.912791914	8.78584068	8.922385065	8.506891733	8.467027915	8.403616403	0.414493869	0.414493869
267001_at	11.33589595	11.221269	11.37691543	10.86969725	10.87385779	10.95242355	0.412700597	0.412700597
247497_at	9.093560547	9.13040494	9.241214912	8.76399288	8.805458893	8.658012464	0.412572054	0.412572054
251904_at	9.258996334	9.308985093	9.415049312	9.030982065	8.893646597	8.820718502	0.412561192	0.412561192
248825_at	12.31374153	12.42639713	12.25386282	11.93394542	12.00227067	11.82274429	0.411680367	0.411680367
261170_at	8.621379612	8.761560775	8.693915463	8.20205742	8.332773674	8.307185735	0.411613007	0.411613007
252909_at	9.013134794	8.881637316	9.093386768	8.513894395	8.584064839	8.656065414	0.411378077	0.411378077
253224_at	9.047220588	9.22629693	9.144057291	8.662822234	8.829921879	8.694881598	0.409983033	0.409983033
264256_at	9.588588786	9.40356906	9.523105427	9.1123032	9.136094376	9.037440655	0.409808348	0.409808348
247163_at	9.103894896	9.001044004	9.154640465	9.387042598	9.51477657	9.581525697	-0.407921833	0.407921833
265093_at	7.896205581	7.752014387	7.975847579	7.551932933	7.465673135	7.390241216	0.405406754	0.405406754
263585_at	12.17714567	12.14099747	12.26618899	11.90168253	11.74151791	11.72796351	0.40438939	0.40438939
260508_at	11.42207716	11.46665177	11.3562099	11.08069426	10.98006571	10.97770961	0.402156418	0.402156418
250228_at	8.155076999	8.041881303	8.124895373	7.722170418	7.682094417	7.712422936	0.401721968	0.401721968
262846_at	10.06111214	10.24324553	10.06085106	9.658618871	9.75224603	9.753142293	0.400400512	0.400400512
256908_at	8.118352847	8.2238972	8.18274797	7.713676547	7.869068178	7.742909256	0.399781346	0.399781346
251187_at	9.83386818	9.916647235	9.993079563	9.429711775	9.622242929	9.495449685	0.398730196	0.398730196
255455_at	10.98408402	10.91101703	10.96540278	10.61940061	10.58647704	10.46021661	0.398136526	0.398136526
249817_at	11.21416444	11.4052322	11.22049548	10.86461189	10.79909375	10.98285572	0.397776918	0.397776918
259983_at	12.15800605	12.1010811	12.12124469	11.6910508	11.80549343	11.69046196	0.397775217	0.397775217
263626_at	9.01648693	9.00842095	9.011965499	8.615647331	8.656762528	8.578817872	0.395215216	0.395215216
265575_at	11.31313143	11.27057574	11.36834366	11.62841445	11.6907292	11.81684025	-0.394644357	0.394644357
264316_at	11.07908489	11.00923248	10.95191116	10.65222023	10.6351042	10.57073138	0.394057574	0.394057574
258227_at	7.021739778	6.945355713	7.053619553	7.425277604	7.38543811	7.386366883	-0.392122517	0.392122517
260338_at	9.090335169	9.17193898	9.179421053	8.801819413	8.651583154	8.816454434	0.390612734	0.390612734
266660_at	8.265150416	8.36573662	8.376156819	7.845847702	7.962228061	8.028759725	0.390069455	0.390069455
248506_at	9.396235155	9.511486556	9.578696834	9.12108993	9.184891227	9.014264642	0.388724249	0.388724249
247007_at	11.72850542	11.64602069	11.65261471	11.21597086	11.32794278	11.32489164	0.386111846	0.386111846
258166_at	8.009957624	7.801992163	7.91747107	7.618081221	7.454247562	7.50011011	0.385660655	0.385660655
249266_at	10.37586334	10.51219352	10.38733942	9.977693454	10.05479935	10.08658411	0.385439789	0.385439789
262367_at	10.95346169	10.97801621	11.12011805	11.28598666	11.45678161	11.45984682	-0.383673045	0.383673045
267208_at	9.946843694	9.99777892	9.930052685	9.549978926	9.582805283	9.591118176	0.383590971	0.383590971
258750_at	9.749119834	9.733058058	9.709207349	9.321437118	9.331427619	9.389035763	0.38316158	0.38316158
258715_at	13.04499812	12.91730927	13.05411019	12.71377977	12.64805904	12.50552311	0.383018554	0.383018554
252271_s_at	9.864723079	9.831300031	9.971396192	10.23804713	10.36411988	10.21209989	-0.382282532	0.382282532
245649_at	8.566639501	8.363025248	8.429911441	8.049224431	8.143155399	8.025856592	0.380446589	0.380446589
250197_at	10.46722445	10.55851932	10.59237183	10.16950025	10.09718223	10.21368997	0.379247719	0.379247719
265996_at	12.13110193	12.02145255	11.96171514	11.70315016	11.68192576	11.59406663	0.378375692	0.378375692
261295_at	10.18153592	10.3439674	10.25207745	10.65999151	10.56539306	10.682541	-0.376781602	0.376781602
248068_at	9.951791847	10.01325047	10.10249296	9.583870305	9.738287392	9.617317878	0.376019902	0.376019902
256253_at	9.395544263	9.524681717	9.417658765	9.121895029	9.103279099	8.995369062	0.372447185	0.372447185
255967_at	10.95083224	10.99579576	10.8129188	11.25240834	11.38256223	11.23500922	-0.37014433	0.37014433
254761_at	6.94113487	6.949201701	6.788818871	6.547266413	6.612142251	6.412575699	0.369057026	0.369057026
264664_at	9.10416033	9.184317223	9.231785833	8.823309648	8.877424896	8.717113693	0.367471716	0.367471716
247127_at	7.830466076	7.886637251	7.938206351	7.573342407	7.437272079	7.545161965	0.366511076	0.366511076
254847_at	6.667632697	6.688866482	6.851551761	6.302443567	6.42640029	6.384868327	0.364779586	0.364779586
255793_at	7.929549688	7.785142485	7.866597477	8.251097694	8.232581107	8.191656651	-0.364681934	0.364681934
260294_at	9.424723128	9.436937682	9.556165217	9.072970418	9.084664442	9.166182903	0.364669422	0.364669422
246907_at	8.263820483	8.359082692	8.320067797	7.900157885	8.035257964	7.915129482	0.36414188	0.36414188
265417_at	10.43850781	10.46947316	10.62116997	10.92401753	10.76701387	10.93016985	-0.364016766	0.364016766
261153_at	10.53636705	10.64970061	10.60232876	10.23193175	10.28669918	10.17947828	0.363429071	0.363429071
257732_at	9.541810627	9.553545897	9.412644413	9.123984997	9.248938746	9.049633187	0.361814669	0.361814669
256972_at	8.646575334	8.660280498	8.654727479	8.285617395	8.238358295	8.35465099	0.360985543	0.360985543
263475_at	9.7158542	9.765783169	9.794980365	10.05619422	10.17319502	10.12651984	-0.359763783	0.359763783
256241_at	12.75779419	12.58157744	12.63352428	12.21911705	12.29696792	12.37768472	0.35970874	0.35970874
246307_at	12.27233187	12.22252217	12.18627973	11.83009692	11.96711866	11.80918511	0.358244356	0.358244356
265375_at	11.56390133	11.69413258	11.62187474	11.95634082	12.06489859	11.91602529	-0.352452019	0.352452019
246044_at	10.16377705	10.18764011	10.08805312	9.781142759	9.869683638	9.733015547	0.351876114	0.351876114
262066_at	8.64667441	8.482819569	8.505274622	8.226108311	8.222532874	8.134868506	0.350419636	0.350419636
259305_at	9.79906333	9.844284124	9.961268426	9.498856667	9.463708607	9.591401217	0.350216463	0.350216463
246213_at	8.564800041	8.587698914	8.535457799	8.199959986	8.282099768	8.156909765	0.349662411	0.349662411
251436_at	7.606387093	7.691545426	7.797671576	8.094896234	8.081058281	7.960197459	-0.346849293	0.346849293
265778_at	9.834238977	9.696751069	9.779348399	9.481295892	9.428293125	9.362996337	0.345917697	0.345917697
253487_at	13.04058251	13.01411611	12.88459278	12.70210041	12.56931695	12.63869531	0.343059578	0.343059578
258849_at	10.81718352	10.6715521	10.75568152	10.33542614	10.50768847	10.37387351	0.34247634	0.34247634
254981_at	12.11999384	12.07999437	12.04197367	11.71951018	11.75464332	11.74186411	0.341981423	0.341981423
247220_at	9.199499628	9.114143438	9.235208314	8.855282639	8.773685585	8.895070483	0.341604225	0.341604225
258401_at	9.642559845	9.544072623	9.693048386	9.274755213	9.382425473	9.198229759	0.341423469	0.341423469
261885_at	9.460364974	9.521544667	9.484762246	9.102623046	9.219549428	9.122562475	0.340645646	0.340645646
259053_at	8.865669431	8.792925313	8.846694739	8.50807198	8.574433912	8.420315998	0.334155865	0.334155865
253428_at	10.07162063	10.09134006	10.0643169	9.784555581	9.683669111	9.75757303	0.333826622	0.333826622
251117_at	8.707086702	8.53410303	8.593342388	8.901696362	8.910295299	9.018882237	-0.332113926	0.332113926
258179_at	8.637845505	8.537938886	8.65991446	9.004472554	8.860660724	8.954200661	-0.327878363	0.327878363
249273_at	6.539859372	6.584248456	6.450661723	6.161250818	6.206631706	6.223583337	0.327767897	0.327767897
261040_at	9.837859891	9.963905365	9.958805193	9.551665889	9.552569137	9.67665483	0.326560198	0.326560198
256146_at	7.608462747	7.602405839	7.728264355	7.404572705	7.334037779	7.221379084	0.326381124	0.326381124
251551_at	11.61903744	11.70599767	11.65419939	11.9848365	11.91053105	12.05901854	-0.325050529	0.325050529
248044_at	8.615191968	8.739783539	8.600656887	8.907265138	9.056688646	8.965946145	-0.324755845	0.324755845
246895_at	11.11170605	11.23972566	11.26544953	10.9043118	10.91088302	10.83050786	0.323726183	0.323726183
255066_at	9.663815936	9.596559924	9.695955816	9.239105103	9.362162555	9.397126216	0.3193126	0.3193126
247900_at	11.45474647	11.5713706	11.4839587	11.19651785	11.19230057	11.17141889	0.31661282	0.31661282
253274_at	11.76997652	11.69749957	11.72111955	11.39601234	11.41177586	11.43761539	0.314397353	0.314397353
266905_at	11.41168753	11.33397072	11.24006041	10.99006371	10.9721367	11.08515205	0.312788732	0.312788732
260503_at	9.970918784	10.03714934	10.03630665	9.672938161	9.788161395	9.647871998	0.311801074	0.311801074
252038_at	8.232818747	8.135034325	8.19185669	7.826213852	7.958202993	7.854761672	0.306843748	0.306843748
253135_at	12.23251649	12.31296139	12.30110647	11.95548949	12.03514857	11.9428195	0.3043756	0.3043756
262985_s_at	13.98992173	13.96648656	13.8961245	13.66870656	13.61109139	13.66157163	0.303721072	0.303721072
245862_at	10.14606232	10.14622378	10.10566213	9.886822514	9.772700287	9.834624255	0.301267061	0.301267061
248300_at	9.744905262	9.699847118	9.833395381	9.470558883	9.487034091	9.420268126	0.300095554	0.300095554
262076_at	10.43809313	10.44562275	10.47612452	10.11536328	10.20374038	10.140787	0.299983249	0.299983249
255377_at	5.0941345	5.088514432	5.167392883	4.799422911	4.773947207	4.877473626	0.299732691	0.299732691
258821_at	11.95230741	11.89379954	11.97582315	11.58395695	11.72947993	11.61262499	0.298622744	0.298622744
254267_at	10.61278041	10.5810724	10.46426325	10.26457699	10.32068178	10.18958688	0.294423473	0.294423473
267153_at	14.22899982	14.13503856	14.18401328	13.91386211	13.91901248	13.84130388	0.291291063	0.291291063
250953_at	7.911160446	7.930118496	7.901367895	7.660361003	7.600569532	7.608349799	0.291122168	0.291122168
264678_at	9.584457004	9.58029927	9.457314283	9.197456891	9.291620643	9.269849693	0.287714444	0.287714444
251022_at	8.921410255	8.957676917	9.023371347	9.201241273	9.226661377	9.329090287	-0.284844806	0.284844806
251376_at	8.041056751	8.031514021	7.906364432	7.724007307	7.660673101	7.744111271	0.283381175	0.283381175
258102_at	12.38670782	12.30149969	12.23514627	12.03224623	11.96888568	12.07551299	0.282236294	0.282236294
262134_at	6.539680467	6.555952503	6.671498215	6.9245946	6.800178499	6.879273086	-0.278971667	0.278971667
248858_at	10.75999296	10.78167157	10.75792344	10.47827534	10.48369988	10.50073166	0.278960362	0.278960362
264020_at	11.7647957	11.87952116	11.82769779	11.56681344	11.61152484	11.45926901	0.278135789	0.278135789
254116_at	9.033484821	9.051078626	8.977795253	9.267361845	9.248006227	9.373173846	-0.275394406	0.275394406
262506_at	8.65109556	8.526452816	8.538177096	8.932143398	8.789959861	8.81740221	-0.274593332	0.274593332
253395_at	9.640303233	9.626946612	9.568481848	9.334333536	9.376461959	9.308835167	0.272033677	0.272033677
260069_at	8.65029106	8.677539959	8.538879583	8.814986982	8.912340127	8.94436515	-0.268327219	0.268327219
260988_at	8.878081578	8.814443829	8.746374289	8.58646859	8.510009092	8.558921384	0.261166876	0.261166876
248901_at	9.144913912	9.122600451	9.241419133	9.377525609	9.484193132	9.426818868	-0.259868038	0.259868038
247460_at	9.555100282	9.561865202	9.476836793	9.295234796	9.281532861	9.238116155	0.259639488	0.259639488
245729_at	10.75656446	10.89550691	10.81368822	10.56623535	10.49503276	10.62641568	0.2593586	0.2593586
249175_at	9.873705779	9.858991271	9.7439794	9.596093794	9.589035155	9.516027605	0.258506632	0.258506632
247738_at	9.143530698	9.22862553	9.26594874	9.011687538	8.939803637	8.932896746	0.251239016	0.251239016
265963_s_at	13.80552891	13.86235316	13.80891031	13.60555335	13.56997111	13.54801418	0.251084586	0.251084586
246830_at	11.14889907	11.06576591	11.08143596	10.90633373	10.86526909	10.77424043	0.250085893	0.250085893
246443_at	9.159866009	9.082330113	9.053271345	8.881485473	8.860992202	8.805844888	0.249048301	0.249048301
251938_at	12.63576138	12.66669885	12.62367214	12.37573647	12.46105755	12.37690055	0.237479268	0.237479268
256182_at	8.292778592	8.365208258	8.269253548	8.12334963	8.10143768	8.000988555	0.233821511	0.233821511
253470_s_at	12.15357099	12.25875395	12.25325597	11.94296112	12.06014524	11.9770965	0.228459353	0.228459353
266822_at	11.27345428	11.18080869	11.28011899	11.00698939	11.0583551	10.99954722	0.223163414	0.223163414
258567_at	8.319321567	8.303562632	8.218388375	8.107280492	8.032050461	8.089944939	0.203998894	0.203998894
261258_at	9.707478615	9.798725802	9.712088186	9.476033374	9.577987603	9.559163228	0.201702799	0.201702799
247651_at	11.48544882	11.4754476	11.54394823	11.3169884	11.32173851	11.26900717	0.199036853	0.199036853
266746_s_at	12.34605014	12.4250516	12.36080233	12.59832469	12.60095007	12.52142478	-0.196265154	0.196265154
262558_at	8.425141576	8.375220334	8.435637704	8.201501184	8.224393246	8.231066006	0.19301306	0.19301306
251257_at	14.09118316	14.16248526	14.14453402	13.89602843	13.96482212	13.97007521	0.189092224	0.189092224
248362_at	12.43497794	12.36850646	12.43804617	12.24684029	12.27282247	12.18026793	0.180533292	0.180533292
250094_at	11.51437014	11.47619623	11.46027628	11.63388481	11.69775812	11.65456934	-0.178456538	0.178456538
264373_at	10.7575547	10.82573112	10.84617688	11.01632078	10.93241774	11.0031826	-0.174152807	0.174152807
258729_at	10.26610759	10.35463563	10.28780089	10.14471637	10.1614321	10.10252066	0.166624995	0.166624995
262700_at	8.269505958	8.260460264	8.275670448	8.424873093	8.423014105	8.433178557	-0.158476362	0.158476362
264152_at	11.78326285	11.84442963	11.83151082	12.01533667	11.96054851	11.95678365	-0.157821843	0.157821843
258892_at	8.784304369	8.794258708	8.775712927	8.605634193	8.645759137	8.636781241	0.155367145	0.155367145
252492_at	9.543390704	9.587897802	9.573777611	9.75249118	9.720969747	9.686377362	-0.151590724	0.151590724
